439;9;2;0;0;1.08;8644.61
447;40;2;0;1;0.4694;5822.29
523;32;2;0;1;0.6478;6288.57
797;59;1;0;1;7.5143;21669.58
797;68;1;0;0;2.3854;12514.04
812;68;1;0;0;0.5741;3823.56
917;59;1;0;1;1.2795;5153.4
966;32;2;0;1;3.022456419098143;5348.58
1022;17;2;0;1;0.4694;4119.82
1142;59;1;0;1;0.85;3355.77
1190;59;2;0;1;2.4615;15822.14
1270;9;2;0;0;2.48;9901.25
1270;94;2;0;0;0.37;6784.4
1592;32;2;0;1;3.022456419098143;5306.03
1777;59;1;0;1;0.3296;2783.78
2083;15;2;0;1;3.1748;13390.88
2083;26;2;0;1;6.9498;11960.31
2083;52;2;0;1;1.3394;12430.46
2083;59;1;0;1;8.74;13896.48
2360;59;2;0;1;6.2374;25078.71
2486;68;1;0;0;1.3553;8594.23
2584;52;1;0;1;0.9767;4641.6
2716;26;2;0;1;3.757;15228.44
2821;59;2;0;1;3.13;20586.24
2874;87;1;0;0;0.12;2611.24
2891;59;1;0;1;0.4741;4583.48
2913;52;2;0;1;2.11;11036.77
2916;17;1;0;1;3.8;7250.67
2916;17;2;0;1;3.8;11608.29
2916;32;2;0;1;2.33;10264.77
2916;59;2;0;1;1.26;10165.94
3014;17;1;0;1;0.4181;2719.9
3016;17;1;0;1;0.6886;3357.04
3032;59;1;0;1;0.2199;3235.72
3091;81;1;0;1;3.92;19224.58
3316;68;1;0;0;0.6748;3195.07
3494;59;1;0;1;0.2232;3238.41
3555;59;1;0;1;3.61;11405.13
3643;40;2;0;1;1.2752;10445.3
3710;59;1;0;1;0.5372;3851.93
3860;52;2;0;1;7.2346;23788.24
3931;17;1;0;1;1.2231;4382.71
4024;32;2;0;1;11.32;57297.02
4024;40;2;0;1;7.535;13305.43
4024;52;2;0;1;9.2677;31364.66
4024;59;2;0;1;13.86;13984.35
4024;81;2;0;1;13.86;48791.24
4024;87;2;0;0;5.7053;48601.1
4032;87;1;0;0;0.9378;2649.76
4052;17;2;0;1;4.68;19677.39
4377;9;2;0;0;1.8048;7391.1
4907;9;2;0;0;1.95;12750.87
4926;32;2;0;1;1.18;7539.45
4990;15;2;0;1;1.4444;9090.3
5062;9;2;0;0;0.0267;4100.48
5062;59;2;0;1;0.0531;5112.74
5142;17;2;0;1;0.3247;4273.34
5142;52;2;0;1;0.7606;6397.55
5142;59;2;0;1;0.5946;5442.05
5276;59;1;0;1;0.2343;3351.04
5377;40;2;0;1;1.6499;6535.01
5462;81;1;0;1;0.4257;2805.36
5498;15;2;0;1;1.1028;9392.93
5548;59;2;0;1;0.2908;4380.22
5638;59;1;0;1;0.7415;3590.87
5696;59;1;0;1;7.62;7383.98
5760;40;2;0;1;1.1759;10858.44
5844;26;1;0;1;1.81;9382.54
5844;26;2;0;1;1.81;14462.35
5897;15;2;0;1;2.1251;10790.24
6132;52;2;0;1;0.11;3706.3
6307;17;1;0;1;1.176;5751.86
6454;94;2;0;0;4.7932;19650.04
6732;59;1;0;1;0.1649;2791.66
6950;59;2;0;1;0.0304;5891.66
7104;9;2;0;0;0.5047;6133.43
8269;32;2;0;1;1.54;14467.21
8623;26;2;0;1;0.57;4886.55
8690;43;2;0;0;0.5118;4871.57
8954;32;2;0;1;0.76;5760.27
8982;17;2;0;1;0.6629;4965.65
8986;59;2;0;1;0.3962;5026.76
9006;59;2;0;1;1.43;7402.38
9086;26;2;0;1;0.78;5130.11
9086;52;2;0;1;0.78;6237.63
9158;9;2;0;0;2.06;9098.39
9209;59;2;0;1;0.6762;4521.47
9270;15;2;0;1;3.3018;20396.21
9270;94;2;0;0;1.1171;10990.68
9474;68;1;0;0;0.146;2533.34
9594;59;1;0;1;0.1325;2744.8
9609;17;1;0;1;1.02;4176.81
9609;59;1;0;1;0.86;2128.73
9609;59;2;0;1;0.86;4484.89
9613;55;2;0;1;2.36;10090.39
9925;26;2;0;1;2.5987;19569.66
9932;52;2;0;1;1.7096;8475.55
9944;17;2;0;1;1.1741;12051.2
9944;32;2;0;1;1.05;7105.08
10091;87;1;0;0;0.5375;3782.43
10117;59;2;0;1;0.406;5166.83
10376;9;2;0;0;9.8;21273.34
10376;59;2;0;1;10.31;32800.4
10547;15;2;0;1;1.4118;5549.74
10999;32;2;0;1;3.022456419098143;5708.58
11208;40;2;0;1;3.4767;20760.75
11220;15;2;0;1;1.81;13322.44
11220;17;1;0;1;2.37;4296.62
11220;87;2;0;0;2.02;10141.5
11395;17;1;0;1;5.2841;18377.6
11395;59;1;0;1;4.56;13742.92
11536;32;2;0;1;1.26;8663.59
11559;17;1;0;1;0.43;4168.89
11587;9;2;0;0;7.9236;13416.32
11587;59;1;0;1;3.0067;3397.51
12086;87;1;0;0;3.1242;7077.96
12574;32;2;0;1;1.6587;10634.56
12592;59;1;0;1;0.0833;2427.0
12622;17;2;0;1;1.6486;8057.95
12869;87;2;0;0;3.9;27609.64
12869;94;2;0;0;3.0351;19252.3
12930;40;1;0;1;0.87;2459.86
12970;17;1;0;1;0.5989;5164.12
13040;9;2;0;0;2.9139;14556.87
13054;59;2;0;1;1.3815;9503.49
13054;81;2;0;1;1.3815;10820.37
13154;15;2;0;1;2.67;10112.2
13199;68;1;0;0;0.212;3802.98
13303;32;2;0;1;0.8186;7019.88
13313;17;1;0;1;1.85;4694.61
13313;17;2;0;1;1.85;6410.09
13313;32;2;0;1;4.5686;16616.08
13333;94;2;0;0;1.4597;12014.74
13439;32;2;0;1;3.022456419098143;5528.39
13581;17;1;0;1;1.8995;9064.64
13708;52;2;0;1;1.13;7846.18
13751;52;2;0;1;4.83;29275.27
13802;59;2;0;1;0.2067;4302.47
13822;59;2;0;1;0.42;6342.93
13847;87;1;0;0;0.9759;3484.58
13871;17;1;0;1;1.4984;4559.85
13871;32;1;0;1;1.0534;4988.04
13871;32;2;0;1;1.0534;10679.91
13871;59;1;0;1;1.41;4541.21
13871;68;1;0;0;0.7219;7995.5
13981;68;1;0;0;4.51;17338.9
14424;94;2;0;0;0.2933;6600.7
14470;17;2;0;1;2.7919;17266.38
14470;32;2;0;1;6.1315;59813.98
14470;59;2;0;1;0.7824;9814.66
14735;26;2;0;1;1.3853;6895.89
14843;43;2;0;0;2.74;9220.5
14843;62;2;0;0;9.6708;32132.36
14843;87;2;0;0;6.28;43200.46
15217;23;2;0;1;2.3286;11166.0
15217;32;2;0;1;2.13;9899.98
15228;81;2;0;1;0.7268;5937.52
15328;59;2;0;1;0.3999;4952.37
15443;87;1;0;0;0.37;4186.81
15770;32;2;0;1;0.3742;6158.46
16282;59;2;0;1;0.7494;5610.09
16488;32;2;0;1;2.7417;17106.2
16692;32;2;0;1;3.7134;15999.8
16692;59;2;0;1;3.7134;7417.85
16785;15;2;0;1;1.8399;7339.61
16785;52;2;0;1;0.84;3971.16
16785;81;2;0;1;0.97;5273.56
16864;32;2;0;1;13.5944;71568.3
16921;40;2;0;1;3.126;19529.39
16975;23;2;0;1;2.2777;10555.43
17034;59;1;0;1;0.83;3864.17
17043;23;2;0;1;2.709;17957.13
17068;68;1;0;0;0.3;4162.96
17183;43;2;0;0;0.89;7223.99
17321;9;1;0;0;0.6409;4487.79
17321;59;1;0;1;0.162;3111.72
17343;59;2;0;1;0.1866;5179.1
17378;17;1;0;1;0.15;2229.04
17407;59;1;0;1;1.8279;8894.86
17422;17;1;0;1;0.2956;2753.48
17434;17;1;0;1;0.2711;2187.95
17552;59;1;0;1;0.5619;3245.43
17552;68;1;0;0;0.7814;2743.39
17818;17;1;0;1;0.17;2406.22
17977;92;1;0;0;1.3546;15327.65
18082;32;2;0;1;2.6331;20146.88
18094;59;2;0;1;0.1364;4541.26
18103;59;2;0;1;2.2225;8967.54
18139;52;2;0;1;1.5088;8369.15
18158;81;1;0;1;1.85;5535.67
18158;81;2;0;1;1.85;9968.5
18318;81;2;0;1;0.8953;7195.12
18372;32;2;0;1;0.706;10679.42
18408;59;2;0;1;0.502;5533.58
18410;32;2;0;1;1.03;6181.21
18438;59;2;0;1;4.3138;20198.91
18515;32;2;0;1;0.0799;3912.91
18581;59;2;0;1;0.2045;5011.34
18632;52;1;0;1;8.0;9176.45
18632;52;2;0;1;8.0;33276.68
18642;59;1;0;1;1.2036;4088.01
19067;59;1;0;1;0.525;2867.45
19067;68;1;0;0;0.525;6214.44
19179;15;2;0;1;1.956;15570.93
19272;81;1;1;1;1.88;4362.58
19515;32;2;0;1;5.0139;30567.37
19605;17;1;0;1;5.2251;11559.15
19679;15;2;0;1;3.14;21116.49
19679;32;2;0;1;4.6865;32623.82
19679;52;2;0;1;2.6172;19086.21
19679;81;2;0;1;2.1638;18258.49
19740;17;2;0;1;1.32;8358.1
19740;32;2;0;1;0.39;4029.02
20041;40;2;0;1;2.919;23808.84
20041;59;2;0;1;9.8532;61878.29
20041;65;2;0;1;3.657;38060.86
20082;15;2;0;1;1.47;7591.72
20253;59;2;0;1;0.4484;5749.14
20693;4;2;1;1;7.175;16927.92
20693;15;2;1;1;5.75;25616.19
20693;52;2;1;1;3.23;12532.4
20780;59;1;0;1;0.8091;3728.14
20881;17;1;0;1;0.41;3261.52
20934;59;1;0;1;2.79;3091.86
20943;32;2;0;1;3.022456419098143;5743.13
21119;59;1;0;1;0.2074;2548.51
21215;17;1;0;1;0.2345;3426.02
21394;52;2;0;1;0.342;4456.98
21481;52;2;0;1;0.2451;4960.68
21798;59;1;0;1;2.0239;6423.31
21807;59;1;0;1;1.0247;4128.38
22092;59;1;0;1;1.2258;4201.29
22294;17;1;0;1;0.4757;3556.9
22630;59;1;0;1;0.8301;7484.76
22639;40;2;0;1;0.2811;6415.64
22768;59;1;0;1;0.8675;3229.6
22879;17;1;0;1;1.65;8637.43
22879;87;1;0;0;1.67;11162.11
22976;32;2;0;1;1.8964;15082.43
23093;40;2;0;1;2.8415;17479.98
23093;52;1;0;1;1.1341;5589.65
23093;52;2;0;1;1.1341;10033.04
23421;17;1;0;1;0.83;3590.37
23630;17;1;0;1;1.5357;6615.36
23668;59;2;0;1;1.19;12165.9
23812;59;2;0;1;0.3129;5407.59
23846;59;2;0;1;1.2593;8480.03
23942;81;2;0;1;0.5728;5534.73
23974;59;1;0;1;0.5851;4255.07
23983;32;2;0;1;3.022456419098143;5644.77
24065;94;2;0;0;2.08;12946.34
24195;87;1;0;0;0.675;3934.28
24195;87;2;0;0;0.6807;7187.33
24382;17;2;0;1;0.78;4587.54
24392;40;2;0;1;0.6393;6594.06
24404;32;2;0;1;8.51;26591.97
24404;81;2;0;1;8.51;19722.7
24945;32;2;0;1;0.6863;6287.53
24951;17;1;0;1;0.9481;3191.97
25015;32;1;0;1;1.5964;4912.48
25015;32;2;0;1;1.5964;15170.96
25026;9;2;0;0;2.409;8653.39
25104;23;2;0;1;2.2612;15715.94
25104;52;2;0;1;3.6197;24135.27
25104;59;2;0;1;3.4845;25657.24
25377;59;1;0;1;2.5375;4030.37
25422;59;1;0;1;1.8072;4296.09
25422;68;1;0;0;1.2775;4695.53
25627;26;2;0;1;0.6838;7261.87
25671;9;2;0;0;3.2396;6581.68
25671;15;2;0;1;2.8168;9921.54
25690;87;1;0;0;1.26;4986.59
25816;81;1;0;1;1.36;3443.45
25825;17;1;0;1;0.89;4274.59
25885;52;2;0;1;0.14;3528.77
25887;68;1;0;0;1.39;4430.43
26094;17;1;0;1;0.28;3957.49
26390;17;1;0;1;0.5;4028.42
26539;15;2;0;1;2.38;14299.11
26725;68;1;0;0;0.15;3437.81
26725;87;1;0;0;0.66;4824.87
26807;17;2;0;1;0.5169;5446.36
26831;40;2;0;1;0.1712;4632.08
26954;59;1;0;1;1.56;7053.38
27129;59;1;0;1;0.6496;6553.47
27150;59;1;0;1;0.7717;3740.33
27166;59;1;0;1;0.0817;2158.02
27224;40;2;0;1;0.4102;5205.5
27546;32;2;0;1;0.57;6513.19
27629;32;2;0;1;2.7648;16515.41
27761;59;1;0;1;0.975;5805.53
27819;17;1;0;1;5.75;26694.0
27922;81;1;0;1;1.0517;2877.89
28134;59;1;0;1;1.8871;4087.94
28137;59;2;0;1;0.7;7491.8
28137;87;2;0;0;2.65;24591.92
28156;59;1;0;1;1.63;9156.18
28362;9;2;0;0;0.7653;4841.46
28410;17;2;0;1;5.1866;25984.35
28477;32;2;0;1;1.4255;8065.2
28847;52;2;0;1;0.7292;6604.42
28861;17;1;0;1;1.081;3319.27
28875;17;2;0;1;2.6616;11351.48
29262;23;2;0;1;1.4774;10584.43
29262;59;2;0;1;5.55;25695.37
29666;59;2;0;1;1.17;9851.87
29831;59;1;0;1;0.472;3576.06
30114;59;2;0;1;1.51;9622.74
30139;32;2;0;1;1.96;13962.37
30409;15;2;0;1;0.372;5141.79
30423;17;1;0;1;0.9478;4008.17
30628;81;1;0;1;3.17;6664.01
30652;52;2;0;1;0.4784;4808.88
30771;9;2;0;0;2.68;16080.07
30936;59;1;0;1;0.4142;3022.02
30946;17;2;0;1;1.0177;5521.57
31012;68;1;0;0;3.22;11358.42
31153;32;2;0;1;0.0995;3789.63
31551;59;1;0;1;0.95;5122.1
31565;68;1;0;0;2.99;13464.14
31622;59;2;0;1;0.4247;5727.63
31836;87;2;0;0;1.331;10784.43
31838;68;1;0;0;1.38;5730.62
31890;68;1;0;0;1.0427;4671.43
31899;17;1;0;1;1.34;6014.41
32060;17;1;0;1;6.8092;24139.53
32060;81;1;0;1;4.8256;15776.25
32060;81;2;0;1;4.8256;27324.14
32437;59;2;0;1;0.7072;5143.22
32660;17;1;0;1;1.1505;5289.92
32681;68;1;0;0;0.5732;3089.26
32730;59;2;0;1;1.2399;10222.96
32795;26;2;0;1;2.6343;18204.24
32795;32;2;0;1;5.12;40082.53
32795;59;2;0;1;3.84;25983.18
32896;94;2;0;0;1.5161;15165.62
32986;17;1;0;1;0.2093;3033.13
33084;59;1;0;1;0.3748;3591.51
33248;81;2;0;1;4.2851;33292.68
33428;59;2;0;1;2.94;17711.43
33453;32;2;0;1;1.32;8439.82
33486;17;2;0;1;8.51;43536.62
33486;55;2;0;1;4.2494;12630.2
34190;68;1;0;0;3.7789;15911.18
34244;32;2;0;1;5.46;22701.4
34244;59;2;0;1;4.23;21849.12
34315;59;1;0;1;0.4126;4129.13
34407;92;1;0;0;0.69;5239.34
34500;32;2;0;1;2.9517;10600.58
34512;59;1;0;1;12.6566;42285.46
34775;81;2;0;1;1.6525;7283.41
34853;59;2;0;1;0.4378;6204.88
34922;9;2;0;0;1.3416;7587.4
34977;4;2;1;1;1.23;6963.03
35052;87;2;0;0;1.3029;12416.14
35100;32;2;0;1;0.86;9183.35
35271;40;2;0;1;5.8772;18848.36
35284;59;1;0;1;0.8183;3159.61
35287;87;2;0;0;7.593;26977.42
35465;32;2;0;1;3.8165;18298.94
35689;68;1;0;0;0.5907;2940.76
35719;40;2;0;1;0.8782;9904.7
35819;52;2;0;1;0.4725;4956.37
35888;59;1;0;1;1.0572;3961.78
36088;59;2;0;1;1.9915;9592.13
36094;94;2;0;0;1.5479;10808.01
36122;59;1;0;1;0.9166;4166.01
36123;15;2;0;1;6.72;38096.72
36258;17;1;0;1;1.97;6174.76
36331;59;1;0;1;0.78;4273.6
36468;15;2;0;1;1.9141;16245.75
36535;17;1;0;1;1.5343;2843.36
36535;59;1;0;1;1.5377;1598.85
36708;40;2;0;1;0.5462;6341.51
36918;17;1;0;1;2.0733;8125.09
37005;81;1;0;1;3.74;16197.87
37005;81;2;0;1;3.74;25012.23
37371;32;2;0;1;1.1643;7201.78
37461;52;2;0;1;3.68;28676.72
37661;59;1;0;1;0.9008;5642.74
37826;17;2;0;1;10.1482;62328.24
37826;32;2;0;1;4.4695;23019.75
37952;81;1;0;1;2.8895;3439.3
38025;59;1;0;1;3.94;20324.11
38272;17;1;0;1;1.4393;6147.01
38272;71;1;0;1;1.06;930.27
38272;81;1;0;1;2.95;10571.92
38272;87;1;0;0;1.63;4566.61
38443;17;1;0;1;1.1093;4161.28
38454;32;2;0;1;1.0169;6126.78
38481;59;1;0;1;2.3103;3486.31
38481;81;1;0;1;1.1017;3774.27
38512;17;2;0;1;4.99;23509.44
38557;59;1;0;1;0.2297;3020.73
38645;68;1;0;0;0.49;2741.93
38795;40;2;0;1;2.18;7787.42
39040;81;2;0;1;2.5438;23308.4
39112;32;2;0;1;5.89;29656.98
39261;87;2;0;0;1.08;7770.27
39261;94;2;0;0;2.4291;12260.13
39276;17;2;0;1;0.3938;3688.0
39360;32;2;0;1;3.022456419098143;5227.61
39495;17;1;0;1;3.76;13381.79
39664;59;1;0;1;1.122;2777.17
39664;59;2;0;1;1.122;4632.91
39664;68;1;0;0;1.4329;5080.68
39939;87;2;0;0;0.6882;10526.41
39979;17;1;0;1;0.7419;2919.45
40129;17;1;0;1;0.1727;2569.93
40200;71;1;0;1;1.774;2801.22
40204;17;2;0;1;0.2543;4125.47
40344;32;2;0;1;1.2261;10098.03
40352;32;2;0;1;0.35;4403.01
40447;26;1;0;1;1.4783;7376.98
40447;26;2;0;1;1.4783;12014.24
40675;59;1;0;1;0.94;3842.97
41027;32;1;0;1;0.9695;3900.49
41027;32;2;0;1;0.9695;13289.79
41398;17;2;0;1;0.9908;6450.58
41607;59;1;0;1;1.6562;3687.59
41607;81;1;0;1;0.46;2391.34
42164;17;2;0;1;0.6153;5046.75
42384;59;1;0;1;0.1236;2924.72
42448;9;2;0;0;1.0209;5418.72
42483;32;2;0;1;0.2992;6045.97
42577;9;2;0;0;1.2;7981.1
42787;40;2;0;1;0.9728;8112.18
42915;40;1;0;1;0.2732;3105.36
43077;9;2;0;0;0.52;5325.97
43256;87;2;0;0;1.61;9648.26
43705;17;2;0;1;4.2676;15492.26
44150;9;2;0;0;4.314;17320.92
44150;32;2;0;1;1.04;9306.26
44150;59;1;0;1;1.45;11007.88
44150;81;1;0;1;0.8948;6907.84
44150;87;1;0;0;0.1;2937.25
44512;32;2;0;1;3.832;35091.84
44625;17;1;0;1;1.29;3905.66
44625;17;2;0;1;1.29;5608.9
44713;59;1;0;1;2.12;6133.94
44837;68;1;0;0;0.4;4108.76
45347;17;2;0;1;0.2243;3791.17
45489;26;2;0;1;1.9503;11677.73
45489;32;2;0;1;6.8;44561.48
45514;87;1;0;0;0.84;2788.2
45680;59;2;0;1;1.85;12804.7
45742;9;2;0;0;0.9776;6489.95
45773;32;2;0;1;5.22;31842.98
46130;59;2;0;1;0.1257;4550.58
46205;17;1;0;1;0.7293;3038.47
46712;59;2;0;1;0.2765;5584.41
47033;59;1;0;1;1.0523;6855.39
47258;40;2;0;1;2.8889;13770.63
47298;59;1;0;1;0.17;3394.38
47465;17;2;0;1;1.0268;5722.65
47532;26;2;0;1;0.5468;5247.58
47561;17;1;0;1;0.5797;4409.68
47829;17;1;0;1;1.3464;2196.17
47829;17;2;0;1;1.3464;9256.57
47829;92;1;0;0;1.3464;12396.84
47850;94;2;0;0;0.31;5653.42
47874;17;1;0;1;1.1386;4435.1
47874;59;1;0;1;0.8385;4410.52
47921;32;2;0;1;7.3735;43651.4
48093;59;2;0;1;2.2266824155483573;6049.07
48223;17;2;0;1;1.464;9025.24
48410;68;1;0;0;2.4607;5691.0
48410;68;2;0;0;1.0307;5627.59
48410;81;1;0;1;1.5499;4024.13
48410;87;2;0;0;0.3663;3907.95
48438;17;1;0;1;0.4449;2294.85
48453;17;1;0;1;2.088;4770.02
48453;17;2;0;1;2.088;6339.32
48461;84;2;0;0;2.0325;10824.2
48615;15;2;0;1;2.0116;19429.06
48615;81;2;0;1;1.8099;20753.92
48626;32;2;0;1;3.7503;27830.18
48652;17;1;0;1;0.56;2845.12
48652;59;1;0;1;1.24;3229.59
48720;59;2;0;1;0.2209;5748.52
48807;17;1;0;1;0.47;3545.93
48816;15;2;0;1;2.11;12619.02
48827;17;1;0;1;5.07;10131.87
48827;17;2;0;1;5.07;29774.32
48827;40;2;0;1;5.42;40282.9
48827;59;1;0;1;7.9408;7800.76
48827;59;2;0;1;7.9408;24483.98
48849;59;2;0;1;2.03;14083.85
48877;32;2;0;1;12.846;81057.16
48877;52;2;0;1;6.45;33678.76
48877;59;2;0;1;7.2422;38926.47
48877;81;2;0;1;7.9;58385.4
48890;48;2;0;0;4.9765;20660.62
49034;59;1;0;1;1.1009;3248.56
49130;17;1;0;1;2.7138;5892.6
49305;9;2;0;0;3.1844;14735.86
49345;40;2;0;1;1.83;7733.99
49345;59;2;0;1;0.62;4546.66
49541;68;1;0;0;3.0;12295.15
49541;87;2;0;0;2.8521;21347.0
49541;94;2;0;0;1.96;15714.94
49636;9;2;0;0;3.0025;7074.12
49636;17;2;0;1;12.2474;88411.89
49636;26;2;0;1;3.0178;19118.17
49636;52;2;0;1;7.3696;32711.74
49636;59;2;0;1;20.8122;117753.27
49636;81;2;0;1;0.44;5806.45
49672;32;2;0;1;1.1995;6812.03
49929;59;1;0;1;0.17;3432.25
50093;17;1;0;1;1.0286;4402.43
50343;87;1;0;0;3.4319;13634.36
50386;40;2;0;1;0.4262;6061.83
50486;59;2;0;1;2.4;14753.62
50528;4;2;1;1;21.598;51994.2
50528;52;2;1;1;2.85;12303.32
50647;40;2;0;1;0.52;6279.38
50864;17;1;0;1;0.992;4084.01
50909;9;2;0;0;2.5636;11676.06
51031;8;2;0;0;2.09;9574.11
51311;59;1;0;1;0.3799;3193.57
51311;59;2;0;1;0.3799;5274.99
51387;23;2;0;1;0.4422;7730.54
51766;52;1;0;1;0.5;2701.68
51822;17;1;0;1;12.41;20364.01
52008;8;2;0;0;7.1078;42787.26
52069;40;2;0;1;2.405;17402.96
52160;94;2;0;0;4.25;22777.63
52182;17;1;0;1;1.1038;3879.24
52311;87;2;0;0;0.2315;5147.71
52363;59;1;0;1;0.7608;3896.74
52413;92;1;0;0;1.5247;5614.18
52441;17;2;0;1;0.271;4136.48
52475;59;1;0;1;1.7105;4801.9
52767;17;1;0;1;0.27;2963.43
52835;59;2;0;1;0.74;4675.25
52973;43;2;0;0;1.4303;7523.2
53020;15;2;0;1;0.2942;5891.91
53135;40;2;0;1;0.28;5303.61
53137;4;2;1;1;6.88;23449.62
53137;26;2;1;1;5.0644;13782.06
53833;68;1;0;0;0.85;5373.48
53891;32;2;0;1;1.1619;6808.28
53975;17;2;0;1;3.7723;18706.67
53975;32;2;0;1;0.3834;3322.63
54183;87;1;0;0;1.26;4444.94
54397;87;1;0;0;0.1;2386.54
54823;59;1;0;1;0.85;2686.74
54915;15;2;0;1;1.8615;17103.44
54960;68;1;0;0;1.57;8638.15
55225;32;2;0;1;2.3661;9941.93
55261;32;2;0;1;3.2715;15248.16
55281;26;2;0;1;0.31;6357.59
55370;17;1;0;1;0.843;3536.34
55497;59;1;0;1;6.7226;11137.17
55518;40;2;0;1;0.9447;5848.76
55611;81;1;0;1;0.63;8085.0
55618;32;2;0;1;0.4105;8782.14
55644;52;2;0;1;0.9483;8633.12
55693;52;2;0;1;0.4136;6088.45
55823;59;1;0;1;0.8921;4967.06
56227;17;2;0;1;0.6829;5943.87
56446;17;1;0;1;0.594;3616.09
56834;32;2;0;1;2.1421;14946.54
56863;17;2;0;1;1.5098;7311.69
56971;32;2;0;1;4.7086;36295.66
57191;32;2;0;1;3.7255;33652.39
57203;59;1;0;1;0.3092;3262.91
57254;32;2;0;1;1.4107;13214.54
57254;59;2;0;1;1.1054;8872.19
57440;32;2;0;1;3.72;8975.74
57864;17;1;0;1;0.54;3475.07
58150;52;2;0;1;1.6289;8641.22
58378;81;1;0;1;0.7262;4891.37
58478;17;2;0;1;0.1844;3705.17
58567;17;2;0;1;2.6214;16141.3
58595;81;2;0;1;2.285;18539.75
58685;52;2;0;1;0.265;5737.51
58769;32;2;0;1;4.25;40211.33
58769;59;2;0;1;4.16;37563.02
59124;15;2;0;1;0.2991;5700.49
59146;59;2;0;1;1.7;10518.49
59317;59;2;0;1;2.2266824155483573;4894.13
59388;8;2;0;0;2.3639;18865.85
59397;40;2;0;1;2.7;22698.52
59397;59;2;0;1;2.9168;20602.06
59516;59;1;0;1;0.5501;4039.06
59516;65;1;0;1;1.1399;4283.54
59544;59;2;0;1;2.52;20364.04
59598;32;1;0;1;0.079;2180.21
59612;81;2;0;1;1.1326;9120.55
59757;9;2;0;0;0.417;5505.28
59874;81;1;0;1;0.8957;5642.95
59892;9;2;0;0;3.3955;12732.12
59892;17;2;0;1;7.6771;51708.16
59939;9;2;0;0;2.54;6543.67
59939;17;1;0;1;10.86;33292.41
59939;17;2;0;1;10.86;34202.64
59939;52;2;0;1;3.5271;17950.19
60279;87;1;0;0;0.77;4917.07
60635;17;1;0;1;2.4754;14607.07
60635;81;2;0;1;1.1044;12258.07
60667;40;2;0;1;0.6019;6209.02
60871;40;2;0;1;3.9349;22227.26
60871;59;2;0;1;15.5;21908.9
60871;81;1;0;1;3.62;10888.43
60871;81;2;0;1;3.62;24613.68
61062;9;2;0;0;2.32;9059.12
61062;84;2;0;0;0.9;10234.5
61062;94;2;0;0;2.0;14330.94
61076;23;2;0;1;0.8655;6085.64
61161;59;1;0;1;1.58;6475.59
61177;17;2;0;1;7.05;42386.24
61177;26;2;0;1;2.2924;16349.15
61177;32;2;0;1;5.1465;42420.56
61177;52;2;0;1;7.8241;42914.38
61370;15;2;0;1;0.9269;8472.46
61431;40;2;0;1;1.2584;7272.28
61478;32;2;0;1;2.49;9071.42
61845;59;1;0;1;0.48;4610.38
61928;81;1;0;1;2.48;6860.26
62259;94;2;0;0;0.399;8243.31
62440;15;2;0;1;0.2342;6017.49
62521;59;1;0;1;0.0398;2304.57
62521;59;2;0;1;0.0398;4175.26
62521;87;2;0;0;0.0243;4615.93
62580;59;1;0;1;0.56;2965.7
62580;59;2;0;1;0.56;5214.79
62606;26;2;0;1;0.49;4000.24
62629;23;2;0;1;1.739;10739.93
62629;81;1;0;1;5.0857;14497.74
62977;26;2;0;1;1.8474;11232.18
62977;52;2;0;1;4.8447;20142.63
62977;87;2;0;0;0.3939;8100.63
63133;59;1;0;1;1.6135;4354.02
63181;17;1;0;1;2.68;9985.21
63181;68;1;0;0;1.1;6496.31
63209;17;1;0;1;0.6366;3598.1
63209;17;2;0;1;0.6366;5478.24
63312;15;2;0;1;2.0751;12318.67
63365;59;1;0;1;4.41;14504.03
63510;59;1;0;1;0.1373;2461.94
63510;59;2;0;1;0.1373;4374.46
63812;40;1;0;1;1.0513;3091.09
63987;68;1;0;0;0.5128;4217.67
64042;59;1;0;1;4.03;19550.38
64329;59;2;0;1;0.8939;6245.86
64499;32;2;0;1;1.3996;12558.95
64722;81;1;0;1;0.63;4576.6
64738;52;1;0;1;0.44;5982.12
64738;52;2;0;1;0.44;9116.66
64845;59;1;0;1;0.81;3873.87
64919;59;2;0;1;1.4;11313.58
65256;87;2;0;0;0.8094;8628.39
65375;32;2;0;1;2.1694;17098.34
65838;59;1;0;1;1.3993;3004.4
65838;59;2;0;1;1.3993;6200.11
65920;81;1;0;1;0.17;3570.46
65935;9;2;0;0;0.57;8549.73
65991;15;2;0;1;1.935;20914.72
66010;59;2;0;1;0.7254;6690.79
66052;81;2;0;1;1.74;11822.38
66350;32;2;0;1;3.131;22563.07
66350;59;2;0;1;3.1037;21748.23
66451;59;1;0;1;4.65;10387.23
66472;17;1;0;1;0.4659;4246.88
66708;40;2;0;1;0.6647;6037.03
66871;68;1;0;0;0.959;2382.41
66914;15;2;0;1;1.156;9897.78
67186;32;2;0;1;3.2174;13514.63
67292;43;2;0;0;0.57;6008.58
67512;9;2;0;0;0.82;5870.38
67545;94;2;0;0;0.33;8294.88
67670;17;2;0;1;0.6158;6516.63
67739;9;2;0;0;5.0129;15252.31
67743;59;1;0;1;0.904;5016.01
67767;52;2;0;1;0.2785;5581.36
67923;23;2;0;1;3.2408;21720.85
67974;40;2;0;1;1.64;10703.95
68089;26;2;0;1;2.4;14632.1
68089;52;2;0;1;9.3629;41243.37
68089;59;2;0;1;9.54;45575.37
68145;4;2;1;1;5.18;16890.93
68145;15;2;1;1;0.8455;7472.12
68145;26;2;1;1;1.7034;4700.72
68145;52;2;1;1;1.95;8137.4
68145;59;2;1;1;2.86;8258.23
68718;52;2;0;1;2.11;11115.61
68761;32;2;0;1;1.2254;12887.31
68807;17;1;0;1;0.5972;5503.19
68850;59;1;0;1;2.08;9267.67
68936;40;2;0;1;3.2633;11806.61
68971;43;2;0;0;3.8101;8536.99
68971;68;1;0;0;2.0857;4634.92
69003;59;1;0;1;5.8766;27455.34
69033;40;2;0;1;0.4186;5914.54
69138;17;1;0;1;2.6314;17851.14
69205;32;2;0;1;4.0997;18640.65
69387;87;1;0;0;0.5469;4033.16
69470;40;2;0;1;0.7886;7093.71
69552;59;1;0;1;2.51;3971.41
69552;59;2;0;1;2.51;7821.41
69552;65;2;0;1;1.02;7995.37
69608;92;1;0;0;0.3969;2994.22
69730;52;1;0;1;2.0544;9069.17
69730;52;2;0;1;2.0544;16742.09
69901;81;2;0;1;0.5058;6175.84
69939;40;2;0;1;0.3211;5239.16
70039;59;2;0;1;7.72;51617.1
70101;59;2;0;1;0.4804;5112.79
70111;9;2;0;0;1.67;11900.99
70172;40;2;0;1;1.88;12079.09
70407;17;1;0;1;0.9209;3452.49
70407;87;1;0;0;1.01;4223.54
70449;59;1;0;1;2.9;9768.09
70520;9;2;0;0;0.0346;4174.93
70598;59;1;0;1;0.8341;3357.92
70598;92;1;0;0;2.2117;4363.94
70604;81;2;0;1;1.2361;10128.68
70620;59;1;0;1;0.85;3439.75
70721;15;2;0;1;2.5909;19345.59
70752;84;2;0;0;1.768;13523.03
70754;59;2;0;1;2.8132;24368.92
71061;32;2;0;1;3.022456419098143;4405.72
71260;26;2;0;1;1.1584;5651.28
71300;26;2;0;1;2.12;15449.72
71300;68;1;0;0;1.9039;6236.35
71300;84;1;0;0;1.9039;7165.2
71520;9;2;0;0;0.2912;5593.96
71533;59;2;0;1;1.2264;10513.09
71726;59;1;0;1;0.6703;3775.01
71764;17;2;0;1;0.91;17551.51
71764;23;2;0;1;0.0622;7963.67
71764;32;2;0;1;2.81;19854.94
71764;87;2;0;0;2.44;21617.94
71764;94;2;0;0;5.9759;24363.54
71788;59;2;0;1;0.2962;5425.75
71833;94;2;0;0;1.0259;9362.61
71993;81;2;0;1;1.2817;11865.34
72027;4;2;1;1;2.76;9485.94
72124;32;2;0;1;0.9395;9368.55
72130;52;2;0;1;1.4427;5982.53
72130;81;2;0;1;4.3341;17952.49
72175;59;1;0;1;0.43;3111.02
72252;17;1;0;1;0.42;2735.33
72315;59;1;0;1;0.0965;2797.83
72387;59;2;0;1;0.3881;4755.81
72495;17;2;0;1;3.29;24487.69
72495;40;2;0;1;2.86;20817.01
72583;59;1;0;1;0.8782;4753.2
72803;26;2;0;1;3.38;31812.79
72803;40;2;0;1;1.3463;12309.09
72803;59;2;0;1;2.5891;22352.37
72803;94;2;0;0;0.7963;8648.3
73332;32;2;0;1;3.022456419098143;3933.17
73443;17;2;0;1;0.6416;5331.94
73540;59;2;0;1;0.3201;4412.49
73580;59;1;0;1;0.6303;3303.3
73831;32;2;0;1;0.4;5941.8
73893;40;2;0;1;1.1582;6869.76
74004;52;2;0;1;0.3834;6215.33
74410;32;2;0;1;3.7392;23187.31
74427;17;2;0;1;1.57;6545.81
74473;59;2;0;1;1.7953;11540.0
74722;59;1;0;1;0.6768;3321.46
74812;17;1;0;1;0.28704;3178.66
75037;15;2;0;1;0.5665;6833.82
75065;59;1;0;1;1.66;3844.7
75075;17;2;0;1;0.4798;4723.37
75171;17;2;0;1;1.73;6751.44
75318;59;1;0;1;4.7631;11531.76
75379;40;2;0;1;0.43;5497.45
75402;59;1;0;1;0.5829;4603.19
75428;59;2;0;1;0.3355;6407.58
75464;81;1;0;1;1.2166;2944.72
75702;17;1;0;1;3.5176;6017.5
75832;87;2;0;0;0.121;5147.03
76134;26;2;0;1;1.2068;6495.65
76361;59;2;0;1;0.4463;4982.55
76459;15;2;0;1;2.3918;23841.69
76459;17;1;0;1;0.9737;16939.46
76459;26;2;0;1;7.5446;76770.5
76459;52;2;0;1;8.5245;68698.9
76476;17;1;0;1;0.7054;3490.04
76588;32;2;0;1;6.8286;28598.14
76588;59;2;0;1;1.3303;12078.61
76698;17;1;0;1;0.5188;2985.86
76949;32;2;0;1;0.4293;6060.66
76977;81;2;0;1;0.9352;8913.49
77069;59;1;0;1;2.3254;6496.26
77330;81;2;0;1;1.76;14548.32
77527;52;2;0;1;1.12;8184.84
77554;17;1;0;1;0.6088;3000.61
77614;59;2;0;1;0.4619;5169.2
77616;17;1;0;1;0.6166;3517.62
77661;32;2;0;1;1.289;12506.47
77844;59;2;0;1;1.0818;8094.87
77867;81;1;0;1;1.03;5109.94
77867;87;2;0;0;1.03;9472.47
77964;87;1;0;0;0.3064;3526.96
77984;59;2;0;1;1.5893;5289.04
77984;81;2;0;1;1.5893;7113.04
78210;59;2;0;1;5.6249;27315.0
78229;68;1;0;0;1.1758;7249.2
78273;94;2;0;0;1.7842;16010.7
78281;94;2;0;0;3.82;30855.9
78460;81;2;0;1;4.536;39473.12
78565;8;2;0;0;1.057;6722.29
78793;94;2;0;0;3.8969;20228.88
78846;59;2;0;1;2.2266824155483573;4792.0
78863;17;2;0;1;2.2243;6021.75
79247;32;2;0;1;3.4172;34586.75
79247;59;2;0;1;1.4779;14153.79
79253;17;1;0;1;0.0282;2278.75
79653;59;1;0;1;3.1556;11812.73
79722;52;2;0;1;0.3581;5271.95
79796;94;2;0;0;2.9977;17616.36
80170;32;2;0;1;2.1631;8884.77
80170;59;2;0;1;1.8688;7109.16
80461;59;1;0;1;0.4008;3435.9
80479;52;2;0;1;5.64;24347.18
80506;40;2;0;1;1.7935;9157.23
80600;52;1;0;1;0.9215;2988.58
80627;8;2;0;0;3.0;23853.04
80627;9;2;0;0;11.16;35333.07
80627;43;2;0;0;4.3132;15731.23
80627;62;2;0;0;1.8;6429.49
80942;17;2;0;1;3.9164;22634.04
81034;17;1;0;1;3.07;7689.11
81073;32;2;0;1;1.72;10448.68
81073;52;2;0;1;2.2458;12835.2
81093;17;1;0;1;0.7;2261.27
81554;32;2;0;1;0.3995;5387.48
81717;17;1;0;1;0.2624;3208.05
82023;43;2;0;0;6.4663;14609.05
82727;17;1;0;1;0.9814;3489.4
82928;15;2;0;1;3.785;25680.8
82928;32;2;0;1;3.785;23703.85
82939;68;1;0;0;0.76;2512.01
83328;17;1;0;1;0.5727;3260.4
83458;10;2;0;1;1.8125;10288.49
83458;26;2;0;1;1.0167;6078.81
83472;17;1;0;1;7.42;31414.81
83472;59;1;0;1;25.25;72623.22
84051;15;2;0;1;4.1;22814.25
84051;23;2;0;1;3.8;24298.29
84051;59;2;0;1;3.0;21811.64
84183;59;2;0;1;0.6629;4371.55
84287;59;1;0;1;0.3975;3363.04
84380;17;1;0;1;0.1183;2508.29
84482;81;1;0;1;4.9577;18205.76
84518;32;2;0;1;0.36;5675.51
84613;59;1;0;1;5.5066;17046.83
84613;81;1;0;1;1.1581;8734.19
84613;81;2;0;1;1.1581;12718.28
84689;59;1;0;1;1.65;4665.62
84689;87;1;0;0;1.7722;12525.03
84804;17;2;0;1;1.66;9086.64
84804;32;2;0;1;17.1833;122872.8
84904;32;2;0;1;1.021;7891.67
84948;68;1;0;0;2.3375;6036.2
85001;15;2;0;1;0.7811;8102.88
85201;17;1;0;1;0.1584;2547.19
85203;59;2;0;1;0.8159;4823.93
85407;59;1;0;1;0.5971;3113.65
85407;59;2;0;1;0.5971;5854.43
85414;59;2;0;1;2.55;17421.79
85515;15;2;0;1;1.8689;17488.36
85546;23;2;0;1;3.7644;17273.5
85548;26;2;0;1;3.6318;32434.94
85548;32;2;0;1;2.64;13763.04
85548;40;2;0;1;1.03;6954.04
85756;59;1;0;1;3.3923;5390.03
85840;81;1;0;1;1.4;7229.01
85840;87;2;0;0;1.9264;20643.18
85924;52;2;0;1;0.42;3905.7
85950;9;2;0;0;2.17;9392.04
85950;94;2;0;0;0.66;10602.08
85952;87;2;0;0;0.5336;6022.64
85984;32;2;0;1;4.37;30573.83
85984;59;2;0;1;8.28;32052.23
86182;84;2;0;0;0.1759;3168.54
86229;59;2;0;1;0.1187;4851.56
86237;17;1;0;1;0.1655;2692.59
86267;52;2;0;1;0.44;5940.74
86271;40;2;0;1;0.6;3982.32
86271;59;2;0;1;1.001;5606.13
86271;87;2;0;0;1.4113;11070.16
86542;59;1;0;1;0.61;3981.41
86582;17;1;0;1;2.0443746605744124;30941.32
86582;59;1;0;1;2.2266824155483573;6643.99
86749;52;2;0;1;1.55;7116.77
86767;94;2;0;0;0.6348;9947.04
86901;52;2;0;1;1.27;7098.64
86916;40;2;0;1;4.6468;33525.49
87201;59;1;0;1;0.416;2898.49
87207;59;2;0;1;0.33;6134.27
87293;32;2;0;1;2.7309;31109.06
87293;59;2;0;1;1.2014;14160.86
87434;15;2;0;1;2.43;12647.29
87539;59;2;0;1;0.322;6127.2
87552;9;2;0;0;0.77;7703.93
87664;59;1;0;1;2.09;4499.84
87873;32;2;0;1;1.3747;11925.54
87873;59;1;0;1;5.9563;15389.1
87873;59;2;0;1;5.9563;23147.34
87878;15;2;0;1;6.0737;34023.28
88005;52;2;0;1;4.419;14594.26
88023;9;2;0;0;0.2624;5317.45
88040;17;1;0;1;3.2779;9701.33
88040;92;1;0;0;0.5;2639.8
88205;87;1;0;0;0.5341;4648.01
88517;87;1;0;0;0.941;6396.37
88525;23;2;0;1;2.1485;11769.31
88681;17;1;0;1;0.62;3829.77
88691;17;2;0;1;2.453;9623.55
88841;52;1;0;1;0.8096;2916.54
88928;40;2;0;1;4.75;45700.17
88928;52;2;0;1;1.462;17671.74
89417;23;2;0;1;2.9756;19085.78
89417;32;2;0;1;1.3;15712.95
89417;59;2;0;1;3.96;31844.48
89430;15;2;0;1;0.7852;8146.01
89440;26;2;0;1;4.5;22825.44
89440;40;2;0;1;2.16;18006.35
89602;32;2;0;1;4.3488;20015.66
89835;17;1;0;1;0.19;2642.22
89842;17;1;0;1;0.2143;3379.9
90076;15;2;0;1;0.1946;5124.78
90202;9;2;0;0;1.9441;7696.51
90227;17;1;0;1;1.66;4506.34
90537;59;2;0;1;0.469;5975.13
90597;59;1;0;1;1.93;9507.91
90901;59;2;0;1;7.257;37717.16
90968;59;1;0;1;0.4683;2914.46
91040;59;1;0;1;2.16;2511.84
91094;59;1;0;1;1.0945;5641.96
91148;23;2;0;1;2.4211;17144.6
91148;32;2;0;1;1.58;11665.92
91178;59;1;0;1;0.25;3940.93
91179;9;2;0;0;2.1144;8404.93
91179;17;2;0;1;1.1188;8700.61
91249;40;2;0;1;1.42;11309.57
91435;59;1;0;1;0.0908;2643.38
91517;59;2;0;1;0.1383;5133.0
91794;23;2;0;1;0.7848;4831.71
91975;15;2;0;1;0.2627;6080.69
92027;59;1;0;1;0.43;4266.9
92099;40;2;0;1;0.8439;5948.81
92218;68;1;0;0;1.6952;4915.04
92218;94;2;0;0;2.11;10611.74
92556;15;2;0;1;1.689;13681.94
92556;32;2;0;1;1.2623;10996.61
92583;17;1;0;1;1.56;3558.63
92583;43;2;0;0;2.287;14537.11
92583;68;1;0;0;1.8;5621.37
92583;84;2;0;0;1.28;8656.01
92583;87;1;0;0;2.0;5571.46
92853;17;1;0;1;0.5109;2980.05
92933;17;1;0;1;0.2033;3647.96
93168;59;1;0;1;1.23;6965.07
93182;40;2;0;1;0.7699;6327.17
93228;17;1;0;1;0.4673;4545.81
93417;59;2;0;1;1.4687;14125.34
93435;17;1;0;1;2.13;8946.79
93435;26;2;0;1;0.94;6367.58
93498;59;1;0;1;5.0336;43128.9
93510;92;1;0;0;0.08;2424.44
93538;17;1;0;1;3.95;8836.55
93538;59;1;0;1;3.2279;6436.98
93922;59;2;0;1;3.1367;24996.12
93922;87;2;0;0;4.9169;49736.08
93970;59;2;0;1;1.1155;8683.55
94033;52;2;0;1;2.0521;13657.78
94181;81;2;0;1;1.2483;11297.04
94181;84;2;0;0;0.5585;5226.82
94553;32;2;0;1;3.4;29069.49
94553;59;2;0;1;3.256;28753.27
94554;94;2;0;0;2.3436;16390.23
94589;59;2;0;1;0.2133;3186.81
94808;87;2;0;0;0.1;3332.26
94886;32;2;0;1;3.5729;34304.05
94968;32;2;0;1;2.4486;21719.53
95008;17;1;0;1;0.5394;4501.46
95011;15;2;0;1;0.1441;4842.37
95018;59;2;0;1;0.4685;5456.51
95287;40;2;0;1;1.7539;11051.76
95311;15;2;0;1;0.79;5685.16
95319;32;2;0;1;1.0;8876.64
95372;52;1;0;1;1.1195;4867.15
95396;68;1;0;0;1.45;5507.88
95476;17;2;0;1;4.07;27210.23
95476;59;2;0;1;2.0438;14938.4
95476;68;1;0;0;2.71;11399.11
95476;81;2;0;1;1.9108;18431.88
95601;87;1;0;0;1.19;6075.67
95661;59;1;0;1;0.61;3419.28
95678;17;1;0;1;9.52;72214.02
95678;52;2;0;1;4.02;46278.68
95678;59;1;0;1;26.85;69554.83
95678;94;2;0;0;9.7353;55849.31
95959;17;1;0;1;0.5506;3828.62
95974;81;2;0;1;0.3746;6199.39
96004;17;1;0;1;0.8502;4125.84
96038;17;1;0;1;0.31;3975.93
96379;87;1;0;0;0.6912;5042.68
96414;17;1;0;1;0.3349;2387.01
96847;17;1;0;1;2.3745;3490.89
96847;17;2;0;1;2.3745;6398.53
96975;23;2;0;1;2.022;10705.8
97172;59;2;0;1;2.6984;10184.62
97437;38;2;0;0;3.53;19169.59
97437;59;1;0;1;0.7793;7038.28
97661;68;1;0;0;3.52;9569.93
97695;52;1;0;1;0.4164;4496.83
97845;59;1;0;1;0.3644;3585.01
97861;59;1;0;1;1.75;3640.61
97942;68;1;0;0;2.58;5252.97
97942;81;1;0;1;0.1954;1786.84
97945;59;1;0;1;0.406;3542.56
98118;17;2;0;1;0.83;4847.69
98118;52;2;0;1;2.18;11060.91
98118;59;2;0;1;0.88;5489.42
98140;26;2;0;1;3.56;30782.13
98140;59;2;0;1;4.59;25473.54
98140;87;2;0;0;0.3;4286.53
98248;87;1;0;0;0.5191;3540.87
98265;32;2;0;1;1.41;17503.79
98346;40;2;0;1;0.6531;5369.78
98490;59;1;0;1;0.41;3821.14
98571;17;1;0;1;0.2463;2725.0
98646;9;2;0;0;3.4846;15848.18
98747;9;2;0;0;3.32;15613.73
98747;59;2;0;1;2.1089;12487.08
98814;32;2;0;1;7.1657;39513.08
98814;40;2;0;1;3.5;15259.25
98825;94;2;0;0;2.4491;14006.71
98871;52;2;0;1;0.2429;5101.93
98995;17;1;0;1;0.344;3863.48
98995;68;1;0;0;0.5746;4410.47
99108;52;2;0;1;1.611;8766.72
99146;17;2;0;1;0.8314;4770.08
99282;59;2;0;1;1.6244;9962.16
99377;52;2;0;1;0.65;6411.72
99693;81;1;0;1;6.35;24122.1
