439;9;2;0;0;1.08;9324.15
447;40;2;0;1;0.4694;6309.4
523;32;2;0;1;0.6478;7137.02
797;59;1;0;1;7.5143;25596.72
797;68;1;0;0;2.3854;13474.88
812;68;1;0;0;0.5741;4318.77
917;59;1;0;1;1.2795;5791.81
966;32;2;0;1;3.022456419098143;6137.35
1022;17;2;0;1;0.4694;4251.94
1142;59;1;0;1;0.85;3810.41
1190;59;2;0;1;2.4615;17950.24
1270;9;2;0;0;2.48;10210.36
1270;94;2;0;0;0.37;5367.3
1592;32;2;0;1;3.022456419098143;6123.76
1777;59;1;0;1;0.3296;3278.22
2083;15;2;0;1;3.1748;14582.48
2083;26;2;0;1;6.9498;14358.62
2083;52;2;0;1;1.3394;13660.14
2083;59;1;0;1;8.74;17303.12
2360;59;2;0;1;6.2374;28603.34
2486;68;1;0;0;1.3553;9080.93
2584;52;1;0;1;0.9767;5001.77
2716;26;2;0;1;3.757;16959.85
2821;59;2;0;1;3.13;22456.7
2874;87;1;0;0;0.12;3192.21
2891;59;1;0;1;0.4741;4736.31
2913;52;2;0;1;2.11;12787.41
2916;17;1;0;1;3.8;8478.08
2916;17;2;0;1;3.8;12930.76
2916;32;2;0;1;2.33;12175.36
2916;59;2;0;1;1.26;11553.1
3014;17;1;0;1;0.4181;3144.84
3016;17;1;0;1;0.6886;3596.07
3032;59;1;0;1;0.2199;3580.78
3091;81;1;0;1;3.92;21817.42
3316;68;1;0;0;0.6748;3808.08
3494;59;1;0;1;0.2232;3694.29
3555;59;1;0;1;3.61;12141.29
3643;40;2;0;1;1.2752;10411.11
3710;59;1;0;1;0.5372;4465.08
3860;52;2;0;1;7.2346;26205.93
3931;17;1;0;1;1.2231;4878.85
4024;32;2;0;1;11.32;59611.62
4024;40;2;0;1;7.535;15189.36
4024;52;2;0;1;9.2677;33916.84
4024;59;2;0;1;13.86;15506.42
4024;81;2;0;1;13.86;50021.19
4024;87;2;0;0;5.7053;50605.46
4032;87;1;0;0;0.9378;2894.02
4052;17;2;0;1;4.68;22247.02
4377;9;2;0;0;1.8048;7792.51
4907;9;2;0;0;1.95;13990.6
4926;32;2;0;1;1.18;7587.1
4990;15;2;0;1;1.4444;9368.67
5062;9;2;0;0;0.0267;4590.62
5062;59;2;0;1;0.0531;5546.28
5142;17;2;0;1;0.3247;4640.32
5142;52;2;0;1;0.7606;6921.68
5142;59;2;0;1;0.5946;6068.21
5276;59;1;0;1;0.2343;3833.84
5377;40;2;0;1;1.6499;7303.92
5462;81;1;0;1;0.4257;3015.62
5498;15;2;0;1;1.1028;8997.98
5548;59;2;0;1;0.2908;4631.27
5638;59;1;0;1;0.7415;4269.94
5696;59;1;0;1;7.62;9185.67
5760;40;2;0;1;1.1759;11173.18
5844;26;1;0;1;1.81;10481.85
5844;26;2;0;1;1.81;14733.39
5897;15;2;0;1;2.1251;11414.66
6132;52;2;0;1;0.11;4308.0
6307;17;1;0;1;1.176;6728.39
6454;94;2;0;0;4.7932;22089.21
6732;59;1;0;1;0.1649;3126.55
6950;59;2;0;1;0.0304;6506.38
7104;9;2;0;0;0.5047;6959.52
8269;32;2;0;1;1.54;13890.75
8623;26;2;0;1;0.57;5368.44
8690;43;2;0;0;0.5118;5081.52
8954;32;2;0;1;0.76;5796.84
8982;17;2;0;1;0.6629;5182.01
8986;59;2;0;1;0.3962;5606.76
9006;59;2;0;1;1.43;8551.81
9086;26;2;0;1;0.78;5547.1
9086;52;2;0;1;0.78;6810.0
9158;9;2;0;0;2.06;10418.98
9209;59;2;0;1;0.6762;4934.47
9270;15;2;0;1;3.3018;20323.18
9270;94;2;0;0;1.1171;9625.38
9474;68;1;0;0;0.146;2674.82
9594;59;1;0;1;0.1325;2982.61
9609;17;1;0;1;1.02;3996.17
9609;59;1;0;1;0.86;2103.72
9609;59;2;0;1;0.86;4460.21
9613;55;2;0;1;2.36;10543.11
9925;26;2;0;1;2.5987;19533.91
9932;52;2;0;1;1.7096;9179.31
9944;17;2;0;1;1.1741;11869.76
9944;32;2;0;1;1.05;7634.64
10091;87;1;0;0;0.5375;4093.62
10117;59;2;0;1;0.406;5661.98
10376;9;2;0;0;9.8;23974.33
10376;59;2;0;1;10.31;35412.76
10547;15;2;0;1;1.4118;6210.21
10999;32;2;0;1;3.022456419098143;6657.89
11208;40;2;0;1;3.4767;23826.02
11220;15;2;0;1;1.81;13300.09
11220;17;1;0;1;2.37;4649.79
11220;87;2;0;0;2.02;11037.73
11395;17;1;0;1;5.2841;21641.48
11395;59;1;0;1;4.56;16516.61
11536;32;2;0;1;1.26;9734.82
11559;17;1;0;1;0.43;4600.82
11587;9;2;0;0;7.9236;16461.41
11587;59;1;0;1;3.0067;4066.11
12086;87;1;0;0;3.1242;7728.76
12574;32;2;0;1;1.6587;11072.09
12592;59;1;0;1;0.0833;2722.42
12622;17;2;0;1;1.6486;7721.49
12869;87;2;0;0;3.9;30225.79
12869;94;2;0;0;3.0351;19643.23
12930;40;1;0;1;0.87;2691.76
12970;17;1;0;1;0.5989;5790.94
13040;9;2;0;0;2.9139;15367.57
13054;59;2;0;1;1.3815;10442.45
13054;81;2;0;1;1.3815;10910.04
13154;15;2;0;1;2.67;10789.37
13199;68;1;0;0;0.212;4331.39
13303;32;2;0;1;0.8186;7293.46
13313;17;1;0;1;1.85;5381.61
13313;17;2;0;1;1.85;6855.4
13313;32;2;0;1;4.5686;20253.06
13333;94;2;0;0;1.4597;12150.17
13439;32;2;0;1;3.022456419098143;6350.67
13581;17;1;0;1;1.8995;10281.45
13708;52;2;0;1;1.13;8895.83
13751;52;2;0;1;4.83;30631.38
13802;59;2;0;1;0.2067;5033.89
13822;59;2;0;1;0.42;6867.92
13847;87;1;0;0;0.9759;4172.2
13871;17;1;0;1;1.4984;4960.53
13871;32;1;0;1;1.0534;5666.66
13871;32;2;0;1;1.0534;10957.53
13871;59;1;0;1;1.41;4916.49
13871;68;1;0;0;0.7219;8907.89
13981;68;1;0;0;4.51;18091.65
14424;94;2;0;0;0.2933;5916.57
14470;17;2;0;1;2.7919;18169.34
14470;32;2;0;1;6.1315;61192.27
14470;59;2;0;1;0.7824;9545.33
14735;26;2;0;1;1.3853;7618.29
14843;43;2;0;0;2.74;9937.44
14843;62;2;0;0;9.6708;34970.27
14843;87;2;0;0;6.28;41546.52
15217;23;2;0;1;2.3286;11346.08
15217;32;2;0;1;2.13;9796.24
15228;81;2;0;1;0.7268;5843.93
15328;59;2;0;1;0.3999;5519.45
15443;87;1;0;0;0.37;5067.73
15770;32;2;0;1;0.3742;6569.19
16282;59;2;0;1;0.7494;5875.21
16488;32;2;0;1;2.7417;17342.06
16692;32;2;0;1;3.7134;17024.28
16692;59;2;0;1;3.7134;8106.72
16785;15;2;0;1;1.8399;7962.17
16785;52;2;0;1;0.84;4218.43
16785;81;2;0;1;0.97;5430.77
16864;32;2;0;1;13.5944;78748.39
16921;40;2;0;1;3.126;24096.76
16975;23;2;0;1;2.2777;11667.64
17034;59;1;0;1;0.83;4355.38
17043;23;2;0;1;2.709;20891.17
17068;68;1;0;0;0.3;4623.41
17183;43;2;0;0;0.89;8503.65
17321;9;1;0;0;0.6409;5322.86
17321;59;1;0;1;0.162;3303.17
17343;59;2;0;1;0.1866;5843.23
17378;17;1;0;1;0.15;2603.21
17407;59;1;0;1;1.8279;10616.14
17422;17;1;0;1;0.2956;3147.44
17434;17;1;0;1;0.2711;2612.58
17552;59;1;0;1;0.5619;3431.35
17552;68;1;0;0;0.7814;3061.43
17818;17;1;0;1;0.17;2825.71
17977;92;1;0;0;1.3546;14509.2
18082;32;2;0;1;2.6331;20335.5
18094;59;2;0;1;0.1364;4961.71
18103;59;2;0;1;2.2225;9812.46
18139;52;2;0;1;1.5088;8633.78
18158;81;1;0;1;1.85;6569.32
18158;81;2;0;1;1.85;10799.08
18318;81;2;0;1;0.8953;7738.9
18372;32;2;0;1;0.706;11470.88
18408;59;2;0;1;0.502;6176.36
18410;32;2;0;1;1.03;6569.42
18438;59;2;0;1;4.3138;20202.03
18515;32;2;0;1;0.0799;4306.77
18581;59;2;0;1;0.2045;5461.84
18632;52;1;0;1;8.0;10023.74
18632;52;2;0;1;8.0;33247.43
18642;59;1;0;1;1.2036;4667.58
19067;59;1;0;1;0.525;3000.98
19067;68;1;0;0;0.525;6837.93
19179;15;2;0;1;1.956;15467.4
19272;81;1;1;1;1.88;5435.47
19515;32;2;0;1;5.0139;30668.68
19605;17;1;0;1;5.2251;14312.25
19679;15;2;0;1;3.14;21915.74
19679;32;2;0;1;4.6865;34811.02
19679;52;2;0;1;2.6172;20111.66
19679;81;2;0;1;2.1638;18540.89
19740;17;2;0;1;1.32;8640.88
19740;32;2;0;1;0.39;4000.24
20041;40;2;0;1;2.919;26992.84
20041;59;2;0;1;9.8532;63394.73
20041;65;2;0;1;3.657;38597.84
20082;15;2;0;1;1.47;8268.88
20253;59;2;0;1;0.4484;6335.34
20693;4;2;1;1;7.175;17998.19
20693;15;2;1;1;5.75;28320.66
20693;52;2;1;1;3.23;13194.85
20780;59;1;0;1;0.8091;3774.05
20881;17;1;0;1;0.41;3061.91
20934;59;1;0;1;2.79;3233.2
20943;32;2;0;1;3.022456419098143;6454.1
21119;59;1;0;1;0.2074;3072.97
21215;17;1;0;1;0.2345;3714.09
21394;52;2;0;1;0.342;4763.61
21481;52;2;0;1;0.2451;5481.84
21798;59;1;0;1;2.0239;7735.44
21807;59;1;0;1;1.0247;4476.58
22092;59;1;0;1;1.2258;4860.71
22294;17;1;0;1;0.4757;3947.59
22630;59;1;0;1;0.8301;8622.22
22639;40;2;0;1;0.2811;6815.07
22768;59;1;0;1;0.8675;3336.42
22879;17;1;0;1;1.65;10138.36
22879;87;1;0;0;1.67;12653.4
22976;32;2;0;1;1.8964;15472.28
23093;40;2;0;1;2.8415;18708.12
23093;52;1;0;1;1.1341;6884.62
23093;52;2;0;1;1.1341;9923.95
23421;17;1;0;1;0.83;3971.29
23630;17;1;0;1;1.5357;7667.06
23668;59;2;0;1;1.19;12691.82
23812;59;2;0;1;0.3129;5671.5
23846;59;2;0;1;1.2593;9041.25
23942;81;2;0;1;0.5728;5644.73
23974;59;1;0;1;0.5851;4706.89
23983;32;2;0;1;3.022456419098143;6598.81
24065;94;2;0;0;2.08;13048.15
24195;87;1;0;0;0.675;4177.22
24195;87;2;0;0;0.6807;7114.46
24382;17;2;0;1;0.78;4949.88
24392;40;2;0;1;0.6393;6730.01
24404;32;2;0;1;8.51;26084.9
24404;81;2;0;1;8.51;18638.75
24945;32;2;0;1;0.6863;6505.6
24951;17;1;0;1;0.9481;3458.71
25015;32;1;0;1;1.5964;6301.08
25015;32;2;0;1;1.5964;14941.87
25026;9;2;0;0;2.409;9134.8
25104;23;2;0;1;2.2612;16384.62
25104;52;2;0;1;3.6197;24243.8
25104;59;2;0;1;3.4845;26087.19
25377;59;1;0;1;2.5375;4827.41
25422;59;1;0;1;1.8072;5135.6
25422;68;1;0;0;1.2775;5293.93
25627;26;2;0;1;0.6838;6798.49
25671;9;2;0;0;3.2396;7039.94
25671;15;2;0;1;2.8168;10016.09
25690;87;1;0;0;1.26;6021.78
25816;81;1;0;1;1.36;3786.87
25825;17;1;0;1;0.89;3975.51
25885;52;2;0;1;0.14;4067.81
25887;68;1;0;0;1.39;5343.07
26094;17;1;0;1;0.28;4574.55
26390;17;1;0;1;0.5;4476.0
26539;15;2;0;1;2.38;14827.26
26725;68;1;0;0;0.15;3848.8
26725;87;1;0;0;0.66;5514.92
26807;17;2;0;1;0.5169;5880.72
26831;40;2;0;1;0.1712;5040.56
26954;59;1;0;1;1.56;8009.13
27129;59;1;0;1;0.6496;7642.68
27150;59;1;0;1;0.7717;3900.28
27166;59;1;0;1;0.0817;2628.9
27224;40;2;0;1;0.4102;5536.19
27546;32;2;0;1;0.57;6707.23
27629;32;2;0;1;2.7648;17481.64
27761;59;1;0;1;0.975;6203.64
27819;17;1;0;1;5.75;30085.55
27922;81;1;0;1;1.0517;2981.41
28134;59;1;0;1;1.8871;4908.81
28137;59;2;0;1;0.7;6903.08
28137;87;2;0;0;2.65;25223.64
28156;59;1;0;1;1.63;10228.8
28362;9;2;0;0;0.7653;5121.31
28410;17;2;0;1;5.1866;30943.43
28477;32;2;0;1;1.4255;8275.93
28847;52;2;0;1;0.7292;6778.17
28861;17;1;0;1;1.081;3823.91
28875;17;2;0;1;2.6616;10763.77
29262;23;2;0;1;1.4774;12012.53
29262;59;2;0;1;5.55;25570.75
29666;59;2;0;1;1.17;10623.04
29831;59;1;0;1;0.472;4021.07
30114;59;2;0;1;1.51;10297.56
30139;32;2;0;1;1.96;14407.08
30409;15;2;0;1;0.372;5462.32
30423;17;1;0;1;0.9478;4178.06
30628;81;1;0;1;3.17;7424.54
30652;52;2;0;1;0.4784;5021.76
30771;9;2;0;0;2.68;16944.28
30936;59;1;0;1;0.4142;3647.14
30946;17;2;0;1;1.0177;5941.4
31012;68;1;0;0;3.22;12297.33
31153;32;2;0;1;0.0995;4195.26
31551;59;1;0;1;0.95;5589.69
31565;68;1;0;0;2.99;15184.9
31622;59;2;0;1;0.4247;6454.03
31836;87;2;0;0;1.331;11558.17
31838;68;1;0;0;1.38;6133.96
31890;68;1;0;0;1.0427;5285.99
31899;17;1;0;1;1.34;6420.5
32060;17;1;0;1;6.8092;23535.32
32060;81;1;0;1;4.8256;15878.87
32060;81;2;0;1;4.8256;26604.39
32437;59;2;0;1;0.7072;5401.57
32660;17;1;0;1;1.1505;6211.21
32681;68;1;0;0;0.5732;3307.34
32730;59;2;0;1;1.2399;10907.14
32795;26;2;0;1;2.6343;18865.34
32795;32;2;0;1;5.12;44328.26
32795;59;2;0;1;3.84;27570.54
32896;94;2;0;0;1.5161;15126.22
32986;17;1;0;1;0.2093;3426.71
33084;59;1;0;1;0.3748;4089.18
33248;81;2;0;1;4.2851;30768.03
33428;59;2;0;1;2.94;20215.95
33453;32;2;0;1;1.32;9246.26
33486;17;2;0;1;8.51;45599.14
33486;55;2;0;1;4.2494;15119.02
34190;68;1;0;0;3.7789;18265.36
34244;32;2;0;1;5.46;26474.33
34244;59;2;0;1;4.23;23635.34
34315;59;1;0;1;0.4126;4645.21
34407;92;1;0;0;0.69;5771.38
34500;32;2;0;1;2.9517;12372.72
34512;59;1;0;1;12.6566;46760.94
34775;81;2;0;1;1.6525;7303.21
34853;59;2;0;1;0.4378;6542.28
34922;9;2;0;0;1.3416;8195.89
34977;4;2;1;1;1.23;7107.12
35052;87;2;0;0;1.3029;13272.43
35100;32;2;0;1;0.86;9634.76
35271;40;2;0;1;5.8772;21609.96
35284;59;1;0;1;0.8183;3541.96
35287;87;2;0;0;7.593;30251.31
35465;32;2;0;1;3.8165;19563.94
35689;68;1;0;0;0.5907;3236.75
35719;40;2;0;1;0.8782;10394.35
35819;52;2;0;1;0.4725;5336.69
35888;59;1;0;1;1.0572;4875.52
36088;59;2;0;1;1.9915;9617.53
36094;94;2;0;0;1.5479;9676.87
36122;59;1;0;1;0.9166;4583.38
36123;15;2;0;1;6.72;38654.72
36258;17;1;0;1;1.97;6706.13
36331;59;1;0;1;0.78;4570.3
36468;15;2;0;1;1.9141;16774.7
36535;17;1;0;1;1.5343;2654.6
36535;59;1;0;1;1.5377;1550.49
36708;40;2;0;1;0.5462;6948.09
36918;17;1;0;1;2.0733;9117.23
37005;81;1;0;1;3.74;16602.92
37005;81;2;0;1;3.74;24117.81
37371;32;2;0;1;1.1643;7156.65
37461;52;2;0;1;3.68;31110.22
37661;59;1;0;1;0.9008;6054.82
37826;17;2;0;1;10.1482;62244.5
37826;32;2;0;1;4.4695;23740.34
37952;81;1;0;1;2.8895;4071.57
38025;59;1;0;1;3.94;21932.42
38272;17;1;0;1;1.4393;6678.62
38272;71;1;0;1;1.06;1359.19
38272;81;1;0;1;2.95;12301.66
38272;87;1;0;0;1.63;5163.34
38443;17;1;0;1;1.1093;4434.93
38454;32;2;0;1;1.0169;6552.0
38481;59;1;0;1;2.3103;4171.58
38481;81;1;0;1;1.1017;4179.3
38512;17;2;0;1;4.99;27184.87
38557;59;1;0;1;0.2297;3481.31
38645;68;1;0;0;0.49;3325.27
38795;40;2;0;1;2.18;7925.68
39040;81;2;0;1;2.5438;22707.13
39112;32;2;0;1;5.89;32552.58
39261;87;2;0;0;1.08;8864.95
39261;94;2;0;0;2.4291;11722.68
39276;17;2;0;1;0.3938;3534.56
39360;32;2;0;1;3.022456419098143;5972.17
39495;17;1;0;1;3.76;15202.97
39664;59;1;0;1;1.122;2899.89
39664;59;2;0;1;1.122;5077.42
39664;68;1;0;0;1.4329;5510.39
39939;87;2;0;0;0.6882;11693.26
39979;17;1;0;1;0.7419;3381.27
40129;17;1;0;1;0.1727;2891.49
40200;71;1;0;1;1.774;3601.92
40204;17;2;0;1;0.2543;4361.83
40344;32;2;0;1;1.2261;10317.31
40352;32;2;0;1;0.35;4179.53
40447;26;1;0;1;1.4783;7827.99
40447;26;2;0;1;1.4783;11913.17
40675;59;1;0;1;0.94;4533.12
41027;32;1;0;1;0.9695;5153.49
41027;32;2;0;1;0.9695;13244.29
41398;17;2;0;1;0.9908;6938.2
41607;59;1;0;1;1.6562;3894.66
41607;81;1;0;1;0.46;2512.5
42164;17;2;0;1;0.6153;4979.56
42384;59;1;0;1;0.1236;3430.11
42448;9;2;0;0;1.0209;6284.58
42483;32;2;0;1;0.2992;6470.67
42577;9;2;0;0;1.2;8880.21
42787;40;2;0;1;0.9728;8195.47
42915;40;1;0;1;0.2732;3612.59
43077;9;2;0;0;0.52;5637.46
43256;87;2;0;0;1.61;10456.82
43705;17;2;0;1;4.2676;16742.26
44150;9;2;0;0;4.314;16904.24
44150;32;2;0;1;1.04;9102.82
44150;59;1;0;1;1.45;11727.15
44150;81;1;0;1;0.8948;7946.68
44150;87;1;0;0;0.1;3268.87
44512;32;2;0;1;3.832;35987.51
44625;17;1;0;1;1.29;4125.56
44625;17;2;0;1;1.29;6240.79
44713;59;1;0;1;2.12;7187.85
44837;68;1;0;0;0.4;4563.76
45347;17;2;0;1;0.2243;3978.15
45489;26;2;0;1;1.9503;10654.9
45489;32;2;0;1;6.8;42894.4
45514;87;1;0;0;0.84;2948.53
45680;59;2;0;1;1.85;13123.4
45742;9;2;0;0;0.9776;7463.9
45773;32;2;0;1;5.22;34019.04
46130;59;2;0;1;0.1257;5050.06
46205;17;1;0;1;0.7293;3285.07
46712;59;2;0;1;0.2765;6378.32
47033;59;1;0;1;1.0523;7721.52
47258;40;2;0;1;2.8889;14967.41
47298;59;1;0;1;0.17;4008.98
47465;17;2;0;1;1.0268;6464.86
47532;26;2;0;1;0.5468;5269.01
47561;17;1;0;1;0.5797;5185.37
47829;17;1;0;1;1.3464;2769.01
47829;17;2;0;1;1.3464;9249.03
47829;92;1;0;0;1.3464;13086.85
47850;94;2;0;0;0.31;5045.8
47874;17;1;0;1;1.1386;5066.54
47874;59;1;0;1;0.8385;4974.56
47921;32;2;0;1;7.3735;47886.09
48093;59;2;0;1;2.2266824155483573;7001.39
48223;17;2;0;1;1.464;9115.4
48410;68;1;0;0;2.4607;6073.96
48410;68;2;0;0;1.0307;5763.01
48410;81;1;0;1;1.5499;4542.68
48410;87;2;0;0;0.3663;4087.96
48438;17;1;0;1;0.4449;2368.48
48453;17;1;0;1;2.088;6052.74
48453;17;2;0;1;2.088;6505.61
48461;84;2;0;0;2.0325;10791.8
48615;15;2;0;1;2.0116;18822.89
48615;81;2;0;1;1.8099;21206.85
48626;32;2;0;1;3.7503;29561.49
48652;17;1;0;1;0.56;3169.58
48652;59;1;0;1;1.24;3548.1
48720;59;2;0;1;0.2209;6461.28
48807;17;1;0;1;0.47;3901.92
48816;15;2;0;1;2.11;12343.48
48827;17;1;0;1;5.07;11281.22
48827;17;2;0;1;5.07;32414.34
48827;40;2;0;1;5.42;41596.59
48827;59;1;0;1;7.9408;8738.15
48827;59;2;0;1;7.9408;25831.4
48849;59;2;0;1;2.03;15577.66
48877;32;2;0;1;12.846;78148.22
48877;52;2;0;1;6.45;32586.08
48877;59;2;0;1;7.2422;38801.1
48877;81;2;0;1;7.9;58252.75
48890;48;2;0;0;4.9765;20566.53
49034;59;1;0;1;1.1009;3710.84
49130;17;1;0;1;2.7138;7062.4
49305;9;2;0;0;3.1844;15271.39
49345;40;2;0;1;1.83;8799.58
49345;59;2;0;1;0.62;5065.79
49541;68;1;0;0;3.0;13146.27
49541;87;2;0;0;2.8521;22622.7
49541;94;2;0;0;1.96;16276.31
49636;9;2;0;0;3.0025;8986.48
49636;17;2;0;1;12.2474;92427.01
49636;26;2;0;1;3.0178;22316.47
49636;52;2;0;1;7.3696;34740.04
49636;59;2;0;1;20.8122;118863.17
49636;81;2;0;1;0.44;5660.36
49672;32;2;0;1;1.1995;7366.57
49929;59;1;0;1;0.17;3919.81
50093;17;1;0;1;1.0286;4615.62
50343;87;1;0;0;3.4319;15001.6
50386;40;2;0;1;0.4262;6671.68
50486;59;2;0;1;2.4;15872.1
50528;4;2;1;1;21.598;55524.5
50528;52;2;1;1;2.85;12425.15
50647;40;2;0;1;0.52;6703.59
50864;17;1;0;1;0.992;4527.1
50909;9;2;0;0;2.5636;11889.4
51031;8;2;0;0;2.09;9804.67
51311;59;1;0;1;0.3799;3663.59
51311;59;2;0;1;0.3799;6063.78
51387;23;2;0;1;0.4422;8572.07
51766;52;1;0;1;0.5;2843.88
51822;17;1;0;1;12.41;20734.77
52008;8;2;0;0;7.1078;44861.09
52069;40;2;0;1;2.405;18058.66
52160;94;2;0;0;4.25;25722.76
52182;17;1;0;1;1.1038;4274.65
52311;87;2;0;0;0.2315;5808.5
52363;59;1;0;1;0.7608;4655.35
52413;92;1;0;0;1.5247;6055.24
52441;17;2;0;1;0.271;4330.6
52475;59;1;0;1;1.7105;4757.57
52767;17;1;0;1;0.27;3457.53
52835;59;2;0;1;0.74;5071.97
52973;43;2;0;0;1.4303;7867.24
53020;15;2;0;1;0.2942;5834.94
53135;40;2;0;1;0.28;5728.52
53137;4;2;1;1;6.88;24401.46
53137;26;2;1;1;5.0644;15746.24
53833;68;1;0;0;0.85;5573.22
53891;32;2;0;1;1.1619;8064.34
53975;17;2;0;1;3.7723;18924.07
53975;32;2;0;1;0.3834;3092.52
54183;87;1;0;0;1.26;5306.62
54397;87;1;0;0;0.1;3051.06
54823;59;1;0;1;0.85;3023.27
54915;15;2;0;1;1.8615;18330.45
54960;68;1;0;0;1.57;9544.78
55225;32;2;0;1;2.3661;11718.9
55261;32;2;0;1;3.2715;16972.1
55281;26;2;0;1;0.31;6176.93
55370;17;1;0;1;0.843;4333.44
55497;59;1;0;1;6.7226;12985.47
55518;40;2;0;1;0.9447;6761.94
55611;81;1;0;1;0.63;9271.78
55618;32;2;0;1;0.4105;9042.74
55644;52;2;0;1;0.9483;9521.26
55693;52;2;0;1;0.4136;7063.46
55823;59;1;0;1;0.8921;4944.71
56227;17;2;0;1;0.6829;5718.2
56446;17;1;0;1;0.594;4199.46
56834;32;2;0;1;2.1421;15314.35
56863;17;2;0;1;1.5098;8248.11
56971;32;2;0;1;4.7086;39854.76
57191;32;2;0;1;3.7255;35117.52
57203;59;1;0;1;0.3092;3797.81
57254;32;2;0;1;1.4107;14490.17
57254;59;2;0;1;1.1054;9834.5
57440;32;2;0;1;3.72;9849.23
57864;17;1;0;1;0.54;4137.75
58150;52;2;0;1;1.6289;9231.31
58378;81;1;0;1;0.7262;5675.94
58478;17;2;0;1;0.1844;3789.28
58567;17;2;0;1;2.6214;17254.64
58595;81;2;0;1;2.285;18783.54
58685;52;2;0;1;0.265;6294.18
58769;32;2;0;1;4.25;43029.49
58769;59;2;0;1;4.16;38389.02
59124;15;2;0;1;0.2991;5803.9
59146;59;2;0;1;1.7;10305.48
59317;59;2;0;1;2.2266824155483573;5002.78
59388;8;2;0;0;2.3639;20508.85
59397;40;2;0;1;2.7;23126.98
59397;59;2;0;1;2.9168;19996.52
59516;59;1;0;1;0.5501;3811.08
59516;65;1;0;1;1.1399;4603.07
59544;59;2;0;1;2.52;21180.27
59598;32;1;0;1;0.079;2657.27
59612;81;2;0;1;1.1326;10415.82
59757;9;2;0;0;0.417;6018.87
59874;81;1;0;1;0.8957;6230.9
59892;9;2;0;0;3.3955;14062.36
59892;17;2;0;1;7.6771;55291.32
59939;9;2;0;0;2.54;6400.78
59939;17;1;0;1;10.86;37262.54
59939;17;2;0;1;10.86;36738.88
59939;52;2;0;1;3.5271;18481.9
60279;87;1;0;0;0.77;5785.29
60635;17;1;0;1;2.4754;16567.77
60635;81;2;0;1;1.1044;11999.47
60667;40;2;0;1;0.6019;6811.56
60871;40;2;0;1;3.9349;24666.88
60871;59;2;0;1;15.5;21997.8
60871;81;1;0;1;3.62;11914.87
60871;81;2;0;1;3.62;24470.04
61062;9;2;0;0;2.32;10096.86
61062;84;2;0;0;0.9;10604.43
61062;94;2;0;0;2.0;13854.46
61076;23;2;0;1;0.8655;6529.34
61161;59;1;0;1;1.58;7121.72
61177;17;2;0;1;7.05;43497.58
61177;26;2;0;1;2.2924;16166.78
61177;32;2;0;1;5.1465;43568.96
61177;52;2;0;1;7.8241;43429.92
61370;15;2;0;1;0.9269;8471.98
61431;40;2;0;1;1.2584;8414.53
61478;32;2;0;1;2.49;9712.63
61845;59;1;0;1;0.48;5173.82
61928;81;1;0;1;2.48;7584.36
62259;94;2;0;0;0.399;8336.42
62440;15;2;0;1;0.2342;6042.45
62521;59;1;0;1;0.0398;2664.7
62521;59;2;0;1;0.0398;4762.48
62521;87;2;0;0;0.0243;5263.32
62580;59;1;0;1;0.56;3495.28
62580;59;2;0;1;0.56;5790.29
62606;26;2;0;1;0.49;4027.55
62629;23;2;0;1;1.739;11791.82
62629;81;1;0;1;5.0857;15764.49
62977;26;2;0;1;1.8474;11415.78
62977;52;2;0;1;4.8447;20733.22
62977;87;2;0;0;0.3939;8283.92
63133;59;1;0;1;1.6135;5116.95
63181;17;1;0;1;2.68;11455.0
63181;68;1;0;0;1.1;7113.13
63209;17;1;0;1;0.6366;4258.51
63209;17;2;0;1;0.6366;5877.48
63312;15;2;0;1;2.0751;12840.48
63365;59;1;0;1;4.41;17807.61
63510;59;1;0;1;0.1373;2811.99
63510;59;2;0;1;0.1373;4937.11
63812;40;1;0;1;1.0513;3378.79
63987;68;1;0;0;0.5128;4364.96
64042;59;1;0;1;4.03;23342.69
64329;59;2;0;1;0.8939;6489.17
64499;32;2;0;1;1.3996;13753.74
64722;81;1;0;1;0.63;5088.61
64738;52;1;0;1;0.44;5424.62
64738;52;2;0;1;0.44;7104.38
64845;59;1;0;1;0.81;4664.46
64919;59;2;0;1;1.4;11740.82
65256;87;2;0;0;0.8094;8790.25
65375;32;2;0;1;2.1694;17961.07
65838;59;1;0;1;1.3993;3314.27
65838;59;2;0;1;1.3993;6759.65
65920;81;1;0;1;0.17;3960.14
65935;9;2;0;0;0.57;8998.04
65991;15;2;0;1;1.935;20868.35
66010;59;2;0;1;0.7254;6858.71
66052;81;2;0;1;1.74;11541.21
66350;32;2;0;1;3.131;24192.0
66350;59;2;0;1;3.1037;22872.76
66451;59;1;0;1;4.65;13485.08
66472;17;1;0;1;0.4659;5072.68
66708;40;2;0;1;0.6647;5942.14
66871;68;1;0;0;0.959;2737.94
66914;15;2;0;1;1.156;8554.32
67186;32;2;0;1;3.2174;13238.52
67292;43;2;0;0;0.57;6728.86
67512;9;2;0;0;0.82;5795.23
67545;94;2;0;0;0.33;8119.28
67670;17;2;0;1;0.6158;7224.84
67739;9;2;0;0;5.0129;17775.54
67743;59;1;0;1;0.904;4950.8
67767;52;2;0;1;0.2785;6142.37
67923;23;2;0;1;3.2408;22019.46
67974;40;2;0;1;1.64;11668.6
68089;26;2;0;1;2.4;13834.24
68089;52;2;0;1;9.3629;40742.06
68089;59;2;0;1;9.54;44046.26
68145;4;2;1;1;5.18;18637.91
68145;15;2;1;1;0.8455;7424.64
68145;26;2;1;1;1.7034;5019.97
68145;52;2;1;1;1.95;8831.35
68145;59;2;1;1;2.86;8647.12
68718;52;2;0;1;2.11;11817.61
68761;32;2;0;1;1.2254;12291.03
68807;17;1;0;1;0.5972;6216.66
68850;59;1;0;1;2.08;9952.48
68936;40;2;0;1;3.2633;12310.12
68971;43;2;0;0;3.8101;9402.93
68971;68;1;0;0;2.0857;5245.68
69003;59;1;0;1;5.8766;28299.46
69033;40;2;0;1;0.4186;6520.36
69138;17;1;0;1;2.6314;20320.2
69205;32;2;0;1;4.0997;20950.3
69387;87;1;0;0;0.5469;4367.63
69470;40;2;0;1;0.7886;7109.32
69552;59;1;0;1;2.51;4546.81
69552;59;2;0;1;2.51;7786.26
69552;65;2;0;1;1.02;8062.86
69608;92;1;0;0;0.3969;3168.33
69730;52;1;0;1;2.0544;11042.14
69730;52;2;0;1;2.0544;17049.3
69901;81;2;0;1;0.5058;6787.36
69939;40;2;0;1;0.3211;5719.34
70039;59;2;0;1;7.72;58189.24
70101;59;2;0;1;0.4804;5172.84
70111;9;2;0;0;1.67;13221.32
70172;40;2;0;1;1.88;13616.7
70407;17;1;0;1;0.9209;3506.68
70407;87;1;0;0;1.01;4465.06
70449;59;1;0;1;2.9;10400.24
70520;9;2;0;0;0.0346;4371.95
70598;59;1;0;1;0.8341;4085.36
70598;92;1;0;0;2.2117;4878.84
70604;81;2;0;1;1.2361;11026.8
70620;59;1;0;1;0.85;3931.34
70721;15;2;0;1;2.5909;20311.82
70752;84;2;0;0;1.768;13054.56
70754;59;2;0;1;2.8132;25906.52
71061;32;2;0;1;3.022456419098143;4901.71
71260;26;2;0;1;1.1584;6024.49
71300;26;2;0;1;2.12;14432.16
71300;68;1;0;0;1.9039;6783.51
71300;84;1;0;0;1.9039;7297.49
71520;9;2;0;0;0.2912;6351.68
71533;59;2;0;1;1.2264;10417.66
71726;59;1;0;1;0.6703;3880.5
71764;17;2;0;1;0.91;21321.62
71764;23;2;0;1;0.0622;8646.5
71764;32;2;0;1;2.81;23222.28
71764;87;2;0;0;2.44;24107.38
71764;94;2;0;0;5.9759;26954.91
71788;59;2;0;1;0.2962;6138.88
71833;94;2;0;0;1.0259;9176.28
71993;81;2;0;1;1.2817;11281.25
72027;4;2;1;1;2.76;9233.4
72124;32;2;0;1;0.9395;9312.12
72130;52;2;0;1;1.4427;6180.92
72130;81;2;0;1;4.3341;18366.03
72175;59;1;0;1;0.43;3307.92
72252;17;1;0;1;0.42;3255.01
72315;59;1;0;1;0.0965;3211.44
72387;59;2;0;1;0.3881;5042.96
72495;17;2;0;1;3.29;24133.3
72495;40;2;0;1;2.86;21395.32
72583;59;1;0;1;0.8782;5671.27
72803;26;2;0;1;3.38;32502.12
72803;40;2;0;1;1.3463;13212.06
72803;59;2;0;1;2.5891;22893.26
72803;94;2;0;0;0.7963;8444.17
73332;32;2;0;1;3.022456419098143;4619.97
73443;17;2;0;1;0.6416;5552.25
73540;59;2;0;1;0.3201;4703.27
73580;59;1;0;1;0.6303;4040.66
73831;32;2;0;1;0.4;6282.65
73893;40;2;0;1;1.1582;7908.26
74004;52;2;0;1;0.3834;6578.26
74410;32;2;0;1;3.7392;23765.2
74427;17;2;0;1;1.57;7404.06
74473;59;2;0;1;1.7953;12562.96
74722;59;1;0;1;0.6768;3872.91
74812;17;1;0;1;0.28704;3756.2
75037;15;2;0;1;0.5665;7328.32
75065;59;1;0;1;1.66;4311.54
75075;17;2;0;1;0.4798;5019.15
75171;17;2;0;1;1.73;7492.87
75318;59;1;0;1;4.7631;12437.38
75379;40;2;0;1;0.43;5964.88
75402;59;1;0;1;0.5829;5483.42
75428;59;2;0;1;0.3355;7003.3
75464;81;1;0;1;1.2166;3379.48
75702;17;1;0;1;3.5176;7516.99
75832;87;2;0;0;0.121;5769.86
76134;26;2;0;1;1.2068;7075.14
76361;59;2;0;1;0.4463;5199.76
76459;15;2;0;1;2.3918;24398.48
76459;17;1;0;1;0.9737;16994.91
76459;26;2;0;1;7.5446;73735.08
76459;52;2;0;1;8.5245;70691.99
76476;17;1;0;1;0.7054;3379.69
76588;32;2;0;1;6.8286;29832.23
76588;59;2;0;1;1.3303;12446.27
76698;17;1;0;1;0.5188;3689.58
76949;32;2;0;1;0.4293;6529.43
76977;81;2;0;1;0.9352;9043.4
77069;59;1;0;1;2.3254;7236.25
77330;81;2;0;1;1.76;14401.91
77527;52;2;0;1;1.12;8622.03
77554;17;1;0;1;0.6088;3535.38
77614;59;2;0;1;0.4619;5613.62
77616;17;1;0;1;0.6166;4044.9
77661;32;2;0;1;1.289;12227.85
77844;59;2;0;1;1.0818;8333.0
77867;81;1;0;1;1.03;5764.03
77867;87;2;0;0;1.03;9978.33
77964;87;1;0;0;0.3064;4171.81
77984;59;2;0;1;1.5893;5371.8
77984;81;2;0;1;1.5893;7355.3
78210;59;2;0;1;5.6249;27315.36
78229;68;1;0;0;1.1758;7642.02
78273;94;2;0;0;1.7842;16070.88
78281;94;2;0;0;3.82;31920.55
78460;81;2;0;1;4.536;35367.2
78565;8;2;0;0;1.057;6711.44
78793;94;2;0;0;3.8969;21788.88
78846;59;2;0;1;2.2266824155483573;4862.59
78863;17;2;0;1;2.2243;5475.96
79247;32;2;0;1;3.4172;36448.1
79247;59;2;0;1;1.4779;13189.5
79253;17;1;0;1;0.0282;2737.08
79653;59;1;0;1;3.1556;13291.08
79722;52;2;0;1;0.3581;5854.2
79796;94;2;0;0;2.9977;16657.75
80170;32;2;0;1;2.1631;8656.96
80170;59;2;0;1;1.8688;7731.52
80461;59;1;0;1;0.4008;3985.22
80479;52;2;0;1;5.64;26011.58
80506;40;2;0;1;1.7935;9707.3
80600;52;1;0;1;0.9215;2920.79
80627;8;2;0;0;3.0;24211.0
80627;9;2;0;0;11.16;35664.55
80627;43;2;0;0;4.3132;16783.55
80627;62;2;0;0;1.8;7630.83
80942;17;2;0;1;3.9164;25630.29
81034;17;1;0;1;3.07;8816.16
81073;32;2;0;1;1.72;11351.08
81073;52;2;0;1;2.2458;13718.6
81093;17;1;0;1;0.7;2089.53
81554;32;2;0;1;0.3995;5402.34
81717;17;1;0;1;0.2624;3799.59
82023;43;2;0;0;6.4663;15794.03
82727;17;1;0;1;0.9814;3902.89
82928;15;2;0;1;3.785;27028.26
82928;32;2;0;1;3.785;24908.24
82939;68;1;0;0;0.76;2901.1
83328;17;1;0;1;0.5727;3603.57
83458;10;2;0;1;1.8125;11625.85
83458;26;2;0;1;1.0167;6571.77
83472;17;1;0;1;7.42;29464.85
83472;59;1;0;1;25.25;76654.38
84051;15;2;0;1;4.1;27705.05
84051;23;2;0;1;3.8;28851.88
84051;59;2;0;1;3.0;24641.51
84183;59;2;0;1;0.6629;4827.24
84287;59;1;0;1;0.3975;3814.59
84380;17;1;0;1;0.1183;2962.67
84482;81;1;0;1;4.9577;20163.65
84518;32;2;0;1;0.36;5417.07
84613;59;1;0;1;5.5066;19084.79
84613;81;1;0;1;1.1581;8512.65
84613;81;2;0;1;1.1581;11280.3
84689;59;1;0;1;1.65;5327.88
84689;87;1;0;0;1.7722;13990.54
84804;17;2;0;1;1.66;8658.32
84804;32;2;0;1;17.1833;123202.35
84904;32;2;0;1;1.021;8205.34
84948;68;1;0;0;2.3375;6664.71
85001;15;2;0;1;0.7811;8479.05
85201;17;1;0;1;0.1584;2989.94
85203;59;2;0;1;0.8159;4996.76
85407;59;1;0;1;0.5971;3586.15
85407;59;2;0;1;0.5971;6375.84
85414;59;2;0;1;2.55;19579.17
85515;15;2;0;1;1.8689;18346.93
85546;23;2;0;1;3.7644;20327.4
85548;26;2;0;1;3.6318;34096.02
85548;32;2;0;1;2.64;14870.29
85548;40;2;0;1;1.03;7624.02
85756;59;1;0;1;3.3923;6878.24
85840;81;1;0;1;1.4;8258.74
85840;87;2;0;0;1.9264;21978.4
85924;52;2;0;1;0.42;3887.83
85950;9;2;0;0;2.17;9928.27
85950;94;2;0;0;0.66;9858.28
85952;87;2;0;0;0.5336;7195.99
85984;32;2;0;1;4.37;31662.02
85984;59;2;0;1;8.28;33095.26
86182;84;2;0;0;0.1759;3223.28
86229;59;2;0;1;0.1187;5451.35
86237;17;1;0;1;0.1655;3174.84
86267;52;2;0;1;0.44;6581.82
86271;40;2;0;1;0.6;4077.0
86271;59;2;0;1;1.001;5576.6
86271;87;2;0;0;1.4113;11279.77
86542;59;1;0;1;0.61;4339.93
86582;17;1;0;1;2.0443746605744124;34488.96
86582;59;1;0;1;2.2266824155483573;5509.72
86749;52;2;0;1;1.55;7243.78
86767;94;2;0;0;0.6348;9070.72
86901;52;2;0;1;1.27;7216.67
86916;40;2;0;1;4.6468;35373.24
87201;59;1;0;1;0.416;3040.19
87207;59;2;0;1;0.33;6565.52
87293;32;2;0;1;2.7309;32630.28
87293;59;2;0;1;1.2014;13881.04
87434;15;2;0;1;2.43;12910.65
87539;59;2;0;1;0.322;6849.09
87552;9;2;0;0;0.77;8099.21
87664;59;1;0;1;2.09;5078.09
87873;32;2;0;1;1.3747;12378.17
87873;59;1;0;1;5.9563;17619.48
87873;59;2;0;1;5.9563;23794.12
87878;15;2;0;1;6.0737;35051.17
88005;52;2;0;1;4.419;15665.61
88023;9;2;0;0;0.2624;5969.43
88040;17;1;0;1;3.2779;10572.67
88040;92;1;0;0;0.5;3012.87
88205;87;1;0;0;0.5341;5625.46
88517;87;1;0;0;0.941;7022.37
88525;23;2;0;1;2.1485;13184.7
88681;17;1;0;1;0.62;4543.37
88691;17;2;0;1;2.453;10324.18
88841;52;1;0;1;0.8096;3427.52
88928;40;2;0;1;4.75;45374.33
88928;52;2;0;1;1.462;17907.31
89417;23;2;0;1;2.9756;22227.08
89417;32;2;0;1;1.3;15846.33
89417;59;2;0;1;3.96;33320.95
89430;15;2;0;1;0.7852;7979.76
89440;26;2;0;1;4.5;23363.3
89440;40;2;0;1;2.16;18709.94
89602;32;2;0;1;4.3488;21159.98
89835;17;1;0;1;0.19;3100.41
89842;17;1;0;1;0.2143;4076.74
90076;15;2;0;1;0.1946;5347.37
90202;9;2;0;0;1.9441;7833.23
90227;17;1;0;1;1.66;5136.58
90537;59;2;0;1;0.469;5850.14
90597;59;1;0;1;1.93;10400.13
90901;59;2;0;1;7.257;41830.32
90968;59;1;0;1;0.4683;3186.46
91040;59;1;0;1;2.16;2791.63
91094;59;1;0;1;1.0945;5964.18
91148;23;2;0;1;2.4211;17708.25
91148;32;2;0;1;1.58;13123.04
91178;59;1;0;1;0.25;4605.19
91179;9;2;0;0;2.1144;9306.53
91179;17;2;0;1;1.1188;8945.8
91249;40;2;0;1;1.42;12128.06
91435;59;1;0;1;0.0908;3163.98
91517;59;2;0;1;0.1383;5387.61
91794;23;2;0;1;0.7848;5002.34
91975;15;2;0;1;0.2627;6052.99
92027;59;1;0;1;0.43;4968.07
92099;40;2;0;1;0.8439;7038.87
92218;68;1;0;0;1.6952;5460.66
92218;94;2;0;0;2.11;10304.32
92556;15;2;0;1;1.689;14276.68
92556;32;2;0;1;1.2623;11728.25
92583;17;1;0;1;1.56;3738.74
92583;43;2;0;0;2.287;14404.37
92583;68;1;0;0;1.8;6081.0
92583;84;2;0;0;1.28;8611.44
92583;87;1;0;0;2.0;6092.8
92853;17;1;0;1;0.5109;3758.91
92933;17;1;0;1;0.2033;4406.1
93168;59;1;0;1;1.23;6867.4
93182;40;2;0;1;0.7699;6603.05
93228;17;1;0;1;0.4673;5268.54
93417;59;2;0;1;1.4687;14424.5
93435;17;1;0;1;2.13;10264.4
93435;26;2;0;1;0.94;6653.64
93498;59;1;0;1;5.0336;44487.91
93510;92;1;0;0;0.08;2512.11
93538;17;1;0;1;3.95;10960.73
93538;59;1;0;1;3.2279;7795.22
93922;59;2;0;1;3.1367;24307.14
93922;87;2;0;0;4.9169;51121.66
93970;59;2;0;1;1.1155;8848.95
94033;52;2;0;1;2.0521;13879.45
94181;81;2;0;1;1.2483;11714.29
94181;84;2;0;0;0.5585;5561.78
94553;32;2;0;1;3.4;28605.96
94553;59;2;0;1;3.256;28437.24
94554;94;2;0;0;2.3436;17099.67
94589;59;2;0;1;0.2133;3695.76
94808;87;2;0;0;0.1;3460.46
94886;32;2;0;1;3.5729;35699.96
94968;32;2;0;1;2.4486;24197.73
95008;17;1;0;1;0.5394;4738.02
95011;15;2;0;1;0.1441;3667.02
95018;59;2;0;1;0.4685;5896.25
95287;40;2;0;1;1.7539;12304.63
95311;15;2;0;1;0.79;5829.09
95319;32;2;0;1;1.0;8953.19
95372;52;1;0;1;1.1195;5281.54
95396;68;1;0;0;1.45;5628.59
95476;17;2;0;1;4.07;28191.65
95476;59;2;0;1;2.0438;15608.45
95476;68;1;0;0;2.71;11559.8
95476;81;2;0;1;1.9108;18053.75
95601;87;1;0;0;1.19;7118.37
95661;59;1;0;1;0.61;3605.21
95678;17;1;0;1;9.52;78680.44
95678;52;2;0;1;4.02;44948.96
95678;59;1;0;1;26.85;77739.01
95678;94;2;0;0;9.7353;58669.83
95959;17;1;0;1;0.5506;4303.77
95974;81;2;0;1;0.3746;6588.16
96004;17;1;0;1;0.8502;5030.84
96038;17;1;0;1;0.31;4783.5
96379;87;1;0;0;0.6912;5718.28
96414;17;1;0;1;0.3349;2442.21
96847;17;1;0;1;2.3745;4275.72
96847;17;2;0;1;2.3745;7144.4
96975;23;2;0;1;2.022;11592.71
97172;59;2;0;1;2.6984;10362.44
97437;38;2;0;0;3.53;18419.84
97437;59;1;0;1;0.7793;6423.04
97661;68;1;0;0;3.52;11329.63
97695;52;1;0;1;0.4164;4858.73
97845;59;1;0;1;0.3644;4040.53
97861;59;1;0;1;1.75;3955.6
97942;68;1;0;0;2.58;5751.38
97942;81;1;0;1;0.1954;1621.47
97945;59;1;0;1;0.406;4113.27
98118;17;2;0;1;0.83;4477.88
98118;52;2;0;1;2.18;10896.78
98118;59;2;0;1;0.88;5463.4
98140;26;2;0;1;3.56;32243.24
98140;59;2;0;1;4.59;30046.42
98140;87;2;0;0;0.3;4293.07
98248;87;1;0;0;0.5191;4160.31
98265;32;2;0;1;1.41;17784.96
98346;40;2;0;1;0.6531;5675.48
98490;59;1;0;1;0.41;4162.49
98571;17;1;0;1;0.2463;3198.35
98646;9;2;0;0;3.4846;18055.7
98747;9;2;0;0;3.32;16989.85
98747;59;2;0;1;2.1089;12583.67
98814;32;2;0;1;7.1657;40800.24
98814;40;2;0;1;3.5;17206.46
98825;94;2;0;0;2.4491;12321.49
98871;52;2;0;1;0.2429;5313.55
98995;17;1;0;1;0.344;4460.63
98995;68;1;0;0;0.5746;5105.18
99108;52;2;0;1;1.611;9000.19
99146;17;2;0;1;0.8314;5295.16
99282;59;2;0;1;1.6244;10656.07
99377;52;2;0;1;0.65;6718.46
99693;81;1;0;1;6.35;24847.99
